BasinID HFR_mean HFR_median HFR_stddev HFR_stderr HFR_Nvalues HFR_range HFR_min HFR_max SA_binned_LH SA_Spline_LH LH_Density Area Basin_Slope_mean Basin_Slope_median Basin_Slope_stddev Basin_Slope_stderr Basin_Slope_Nvalues Basin_Slope_range Basin_Slope_min Basin_Slope_max Basin_elev_mean Basin_elev_median Basin_elev_stddev Basin_elev_stderr Basin_elev_Nvalues Basin_elev_Range Basin_elev_min Basin_elev_max Aspect_mean CHT_mean CHT_median CHT_stddev CHT_stderr CHT_Nvalues CHT_range CHT_min CHT_max EStar RStar HT_Slope_mean HT_Slope_median HT_Slope_stddev HT_Slope_stderr HT_Slope_Nvalues HT_Slope_range HT_Slope_min HT_Slope_max HT_relief_mean HT_relief_median HT_relief_stddev HT_relief_stderr HT_relief_Nvalues HT_relief_range HT_relief_min HT_relief_max
24 64.1634 61.4819 40.2301 3.07647 171 192.099 3.69873 195.797 4.99689 4.99689 69.4383 64020.3 1.77566 0.644365 5.30772 0.104923 2559 46.1807 0.139222 46.3199 935.268 943.516 48.4629 0.957086 2564 189.346 828.567 1017.91 186.429 -0.144542 -0.0476152 0.671879 0.0557965 145 5.63474 -5.63593 -0.00118541 15.4572 0.707758 0.813875 0.590657 1.70293 0.130226 171 16.9653 0.0823653 17.0477 54.4946 40.285 103.343 7.90284 171 957.629 0.550964 958.18
44 74.3867 59.9498 56.7504 4.64918 149 193.998 3.72552 197.723 4.99689 4.99689 55.7348 22072.5 1.26935 0.540652 3.8717 0.130219 884 36.7385 0.162529 36.901 904.438 897.377 43.3149 1.45684 884 185.862 827.717 1013.58 202.295 -0.10291 -0.0228122 0.562542 0.0531553 112 5.38801 -5.3884 -0.00039859 12.7586 0.462199 0.522273 0.456362 0.172843 0.0141598 149 0.853593 0.0801765 0.933769 41.2578 27.638 36.5695 2.99589 149 144.606 0.605591 145.211
45 118.194 131.102 56.9765 4.69934 147 201.524 3.80082 205.325 4.99701 4.99701 121.669 72884.3 1.35207 0.585707 4.17974 0.0773628 2919 38.9613 0.0257554 38.9871 855.071 851.149 37.9727 0.702836 2919 171.104 785.633 956.737 201.597 -0.170756 -0.0376496 0.876841 0.0754665 135 7.53101 -7.53227 -0.00126268 33.6374 0.493674 0.624177 0.534603 1.25252 0.103306 147 15.7955 -0.108693 15.6868 70.0194 68.3216 80.6775 6.65417 147 957.192 -0.466858 956.725
60 99.5512 71.2564 67.9893 7.24768 88 252.966 7.55272 260.519 4.99709 4.99709 83.3975 64270 1.38608 0.596411 4.22536 0.0832836 2574 37.2124 0.0970457 37.3095 821.452 821.491 45.3547 0.89396 2574 198.735 727.984 926.719 171.179 -0.196774 -0.0350816 0.799498 0.0942217 72 4.72119 -4.72324 -0.00205109 32.6484 0.459947 0.522586 0.529853 0.114804 0.0122382 88 0.502716 0.266445 0.769161 54.946 41.9897 41.1551 4.38715 88 140.089 3.27325 143.362
61 149.063 139.738 60.3072 6.74255 80 238.25 40.8887 279.138 4.99689 4.99689 1279.2 12784.1 1.00732 0.42906 3.60717 0.159416 512 34.3309 0.191367 34.5223 876.888 878.655 31.6649 1.39941 512 136.034 812.797 948.831 222.559 -0.435708 -0.0164354 1.32946 0.171633 60 5.31436 -5.31457 -0.000211256 108.247 0.350988 0.418555 0.40594 0.0419311 0.00468803 80 0.213653 0.378861 0.592514 62.7834 56.7255 28.1312 3.14517 80 125.005 20.2674 145.272
62 80.5533 91.443 50.961 6.00581 72 167.537 3.66246 171.2 4.99689 4.99689 93.975 14382.1 1.31526 0.695957 3.92109 0.163379 576 36.5056 0.0161765 36.5217 841.565 842.642 25.5587 1.06495 576 103.108 785.807 888.916 94.7518 -0.244584 -0.0363478 0.807782 0.106067 58 5.04344 -5.04466 -0.00122785 32.8367 0.483957 0.592443 0.578628 0.186266 0.0219517 72 1.23992 0.193274 1.4332 46.7812 49.8778 29.9265 3.52687 72 88.1008 0.906128 89.0069
65 88.8763 81.375 25.7494 3.03459 72 103.555 46.3525 149.907 4.9969 4.9969 68.1093 62871.8 1.41153 0.644267 4.23461 0.084389 2518 38.5023 0.0248655 38.5271 831.343 834.442 28.7295 0.572533 2518 122.286 765.043 887.329 123.008 -0.285191 -0.0596742 1.09561 0.125675 76 7.87629 -7.90384 -0.0275544 42.2445 0.571847 0.714662 0.752674 0.128729 0.0151708 72 0.432341 0.451027 0.883367 60.9883 61.1989 11.1964 1.3195 72 49.0356 33.133 82.1686
68 56.5253 48.0865 35.2761 3.13024 127 146.643 7.58035 154.223 4.9969 4.9969 41.5435 28065.1 1.25964 0.529258 4.01945 0.11989 1124 34.4112 0.117918 34.5291 763.846 765.875 27.6635 0.825133 1124 126.586 707.333 833.919 183.99 -0.114717 -0.0430849 0.490771 0.0440726 124 4.4956 -4.49629 -0.000689217 10.8073 0.427899 0.533618 0.521084 0.139391 0.012369 127 0.699696 0.281869 0.981564 29.0245 29.89 17.8626 1.58505 127 68.3085 3.10614 71.4147
71 117.839 116.26 31.5163 3.56852 78 146.641 54.1654 200.806 27.663 27.6283 55.4927 37852.9 0.582164 0.593412 0.187371 0.00481229 1516 0.896809 0.0908517 0.987661 802.211 799.017 34.4437 0.884627 1516 136.965 739.079 876.045 206.864 -0.0595802 -0.0606842 0.0212699 0.00240834 78 0.0970158 -0.109096 -0.0120802 11.7015 0.52481 0.649354 0.686818 0.105558 0.0119521 78 0.374485 0.405435 0.77992 74.2119 78.2631 14.7399 1.66896 78 57.2458 41.7702 99.016
72 65.0797 47.4861 53.2507 5.00941 113 186.479 4.10534 190.585 4.9969 4.9969 64.8996 22996.4 1.2755 0.36677 4.10787 0.135359 921 31.5679 0.0545351 31.6224 738.451 735.531 22.1031 0.728324 921 95.543 694.883 790.426 200.475 -0.159854 -0.023492 0.619772 0.0622895 99 4.4974 -4.4977 -0.000308107 17.3387 0.268838 0.321498 0.322456 0.102448 0.00963752 113 0.667066 -0.00192954 0.665137 20.995 14.5609 18.92 1.77984 113 72.8552 -0.0150146 72.8401
73 105.128 103.278 52.8 3.00856 308 244.384 3.89907 248.283 17.7851 18.2021 60.2898 94782.1 0.494721 0.501943 0.183421 0.00297705 3796 0.949955 0.0118892 0.961844 753.657 753.614 29.8051 0.483758 3796 179.133 676.774 855.907 152.308 -0.044326 -0.0437966 0.0219958 0.00128721 292 0.131174 -0.13132 -0.000145543 7.76649 0.359062 0.467778 0.43772 0.132437 0.00754632 308 0.607462 0.218949 0.826411 45.2969 40.9461 20.4095 1.16294 308 101.843 0.853699 102.696
75 120.725 138.133 53.0134 8.59991 38 167.971 31.5692 199.54 4.99732 4.99732 168.128 14257.3 2.05037 0.432807 6.05998 0.253602 571 34.0343 0.0341864 34.0685 873.169 876.29 14.6677 0.613824 571 83.0303 830.966 913.997 112.379 -0.747778 -0.0279895 2.09178 0.369778 32 8.16291 -8.16321 -0.000300859 150.459 0.2907 0.389715 0.345947 0.121662 0.0197362 38 0.503322 0.279729 0.783051 42.1137 40.7477 12.9684 2.10375 38 49.7701 19.8585 69.6287
80 113.554 120.3 67.0912 7.03307 91 283.356 4.84115 288.198 22.3643 19.8001 108.234 21972.7 0.54555 0.48618 0.25238 0.00850774 880 1.31461 0.117821 1.43243 855.212 849.685 28.2453 0.95215 880 125.546 805.396 930.942 41.3654 -0.02875 -0.021971 0.020929 0.00251955 69 0.0787319 -0.0795945 -0.000862598 5.44113 0.394415 0.471078 0.443785 0.174317 0.0182734 91 1.56028 0.113246 1.67353 53.7449 50.568 33.9978 3.56394 91 138.734 0.745789 139.48
81 70.3126 71.6031 49.447 6.85706 52 163.746 3.54826 167.294 4.9969 4.9969 171.661 14556.9 1.69316 0.565298 4.70481 0.194853 583 31.3856 0.126283 31.5119 730.653 728.839 17.8147 0.737811 583 66.5845 695.831 762.416 247.706 -0.31052 -0.0323185 1.04243 0.193573 29 4.31772 -4.32017 -0.00245235 36.3891 0.235731 0.264898 0.272725 0.0803864 0.0111476 52 0.568682 -0.138354 0.430329 19.8898 19.611 15.3185 2.12429 52 58.835 -0.640198 58.1948
84 84.6111 70.7487 63.2371 5.18058 149 207.695 3.53966 211.235 4.9969 4.9969 53.7719 38552 1.68439 0.517657 5.51553 0.140367 1544 40.0663 0.0263467 40.0927 917.382 917.838 31.895 0.811706 1544 147.383 829.906 977.289 42.5236 -0.224648 -0.039697 1.07793 0.100957 114 8.18216 -8.18365 -0.00148974 31.6795 0.379761 0.492515 0.480003 0.164969 0.0135148 149 1.00898 0.113198 1.12218 38.5584 41.9308 25.5876 2.09622 149 77.8249 0.849609 78.6745
85 150.453 154.455 29.9577 4.92502 37 128.773 57.0803 185.853 22.3782 20.2488 224.621 13083.7 0.385601 0.390537 0.101079 0.00441566 524 0.549475 0.0509006 0.600376 729.838 730.58 16.3945 0.716195 524 71.106 687.401 758.507 108.435 -0.0363003 -0.037422 0.0149318 0.00245477 37 0.062963 -0.0658008 -0.0028378 9.10247 0.300841 0.372449 0.351598 0.0773306 0.0127131 37 0.371315 0.339047 0.710362 54.3147 54.8361 7.64006 1.25602 37 23.6205 40.5477 64.1682
86 143.759 137.946 26.7232 3.81761 49 124.479 71.8436 196.323 17.5692 10105.5 1459.09 14581.9 0.569059 0.581327 0.139956 0.00579142 584 0.83504 0.0674548 0.902494 783.823 784.693 23.6475 0.97854 584 108.092 728.258 836.35 56.2815 -0.0448393 -0.0451809 0.010293 0.00147043 49 0.0475245 -0.0662107 -0.0186861 10.7434 0.43135 0.519493 0.514893 0.0339577 0.0048511 49 0.132204 0.472331 0.604535 74.4128 69.0576 13.3192 1.90274 49 66.7342 34.3508 101.085
89 61.4206 53.1331 44.9633 5.5346 66 163.749 4.75928 168.508 4.9969 4.9969 50.1693 36055.1 1.24911 0.556721 3.83303 0.100869 1444 32.191 0.0596928 32.2507 706.121 705.536 25.3095 0.66604 1444 107.467 649.641 757.108 200.025 -0.126964 -0.0395486 0.566841 0.0687396 68 4.43066 -4.43161 -0.000952366 12.9971 0.363006 0.47707 0.454048 0.115076 0.0141649 66 0.744378 0.242028 0.986406 26.7552 25.1489 19.1102 2.3523 66 86.1578 2.34106 88.4988
90 113.549 89.975 70.2745 5.64458 155 249.786 17.792 267.578 28.2037 27.7841 62.42 71860.6 0.438819 0.417811 0.178556 0.00332835 2878 1.02676 0.0174973 1.04425 781.81 784.74 41.3317 0.770439 2878 174.978 702.37 877.348 107.21 -0.0315877 -0.0316537 0.0162525 0.00137852 139 0.0681949 -0.070458 -0.00226317 5.9779 0.361407 0.455618 0.452148 0.0801735 0.00643969 155 0.500618 0.246639 0.747256 49.2447 37.702 29.1022 2.33755 155 99.3784 13.1235 112.502
91 158.936 183.298 105.304 10.2767 105 326.94 5.70014 332.64 22.4498 20.8754 272.95 15430.8 0.746798 0.73394 0.284338 0.0114377 618 1.42247 0.0786353 1.5011 893.141 891.595 31.6233 1.27208 618 118.063 838.468 956.53 98.221 -0.0464784 -0.044404 0.0279817 0.00373921 56 0.0977798 -0.0986521 -0.000872332 12.3118 0.409312 0.498246 0.474525 0.202721 0.0197836 105 0.993339 -0.0382478 0.955091 78.0651 83.7887 49.485 4.82924 105 162.554 -0.218018 162.336
95 119.965 130.788 54.0443 5.51587 96 199.279 7.70574 206.985 22.3572 23.2927 330.218 12634.3 0.548183 0.541088 0.19373 0.00861233 506 0.927532 0.0133711 0.940903 712.471 711.233 18.6373 0.828527 506 84.5513 676.468 761.019 123.229 -0.0475502 -0.0456795 0.0204174 0.00214033 91 0.100628 -0.107854 -0.00722534 9.5073 0.306214 0.37609 0.363395 0.0743485 0.00758816 96 0.520103 0.139658 0.659761 44.0822 46.2172 18.6321 1.90163 96 75.9139 1.11401 77.028
96 122.031 126.382 48.2759 4.46311 117 238.29 8.20397 246.494 4.9969 4.9969 68.3935 37103.8 0.521436 0.477675 0.735799 0.0190875 1486 20.9748 0.0649503 21.0397 690.198 688.144 32.115 0.833103 1486 123.762 632.504 756.266 227.527 -0.0841262 -0.0306771 0.426715 0.0399655 114 4.26507 -4.26621 -0.00114041 17.11 0.399081 0.469604 0.484996 0.0722705 0.00668141 117 0.349899 0.250922 0.600821 58.4405 67.4446 25.1035 2.32082 117 85.8415 3.34998 89.1915
99 92.7664 86.419 57.7036 4.26557 183 207.683 3.92083 211.603 34.8968 31.3916 56.4109 29088.8 0.524915 0.510649 0.169131 0.00495518 1165 0.964646 0.052307 1.01695 916.391 918.1 31.0107 0.90855 1165 135.517 836.733 972.249 102.696 -0.0415374 -0.0416788 0.018168 0.00141868 164 0.0939745 -0.0947462 -0.000771672 6.42213 0.407973 0.543459 0.466859 0.176989 0.0130834 183 0.986169 0.179817 1.16599 45.4154 44.0532 27.1246 2.00511 183 113.731 1.3609 115.092
104 156.026 163.359 32.3604 4.21297 59 163.377 33.385 196.762 18.0003 18.1034 354.779 14182.4 0.613548 0.624081 0.186532 0.00782673 568 0.836587 0.15447 0.991057 853.655 852.79 30.064 1.26146 568 119.608 792.321 911.929 74.9102 -0.0485031 -0.0464995 0.0175591 0.00230563 58 0.0843328 -0.0891894 -0.00485654 12.6129 0.463246 0.547654 0.57675 0.0725198 0.00944127 59 0.289513 0.401088 0.690601 86.734 98.0128 24.3987 3.17644 59 93.0253 21.387 114.412
105 161.317 147.861 46.2796 6.75058 47 182.962 74.9735 257.936 220.288 241.101 106.657 14556.9 0.406747 0.417135 0.111588 0.00462151 583 0.529587 0.0834607 0.613048 715.7 717.795 20.4987 0.84897 583 91.0377 665.662 756.7 122.568 -0.0252229 -0.0248979 0.0127828 0.00186456 47 0.0589166 -0.0611955 -0.00227896 6.78144 0.322498 0.384399 0.385412 0.046521 0.00678579 47 0.183117 0.301023 0.48414 62.4292 56.3356 20.4956 2.98959 47 70.1857 30.0473 100.233
106 147.044 151.858 61.5433 7.51871 67 197.33 51.018 248.348 55.0682 54.9337 83.9741 15081.2 0.433512 0.43688 0.14786 0.00601634 604 0.702212 0.0558093 0.758021 728.871 725.496 24.3451 0.990586 604 95.9626 683.578 779.541 191.401 -0.0377143 -0.0350747 0.0157982 0.00193006 67 0.0605479 -0.0741777 -0.0136298 9.24276 0.300815 0.381222 0.355469 0.0774464 0.00946159 67 0.300382 0.299716 0.600098 53.0797 50.136 19.572 2.3911 67 58.2831 27.8507 86.1339
107 111.232 94.7189 53.1162 7.3659 52 181.58 33.6563 215.236 11.251 10.55 76.0811 25568.2 0.353339 0.35335 0.116871 0.00365221 1024 0.68769 0.0457935 0.733484 726.415 723.68 20.7916 0.649736 1024 90.6926 690.503 781.195 90.3844 -0.0304491 -0.0284376 0.0132984 0.00184415 52 0.0566519 -0.0614353 -0.00478336 5.64488 0.312255 0.392205 0.378635 0.055328 0.00767262 52 0.263021 0.281752 0.544773 41.6794 36.3473 17.38 2.41017 52 64.2144 16.8838 81.0982
108 112.601 116.38 39.4606 4.65048 72 152.374 27.2957 179.67 5.68906 5.61517 78.8536 14432 1.29645 0.389618 4.5763 0.190349 578 36.4039 0.116783 36.5207 940.61 940.579 19.1726 0.797475 578 81.7189 899.94 981.659 175.769 -0.373929 -0.0266391 1.17097 0.157894 55 5.60334 -5.6038 -0.000452529 70.1745 0.284212 0.335685 0.339647 0.0256428 0.00302204 72 0.151353 0.263586 0.414939 38.403 39.4245 14.819 1.74643 72 58.8586 7.91736 66.776
115 122.208 127.506 47.003 4.79722 96 219.742 7.71471 227.456 4.99689 4.99689 113.19 17128.7 1.58566 0.42583 5.58285 0.213154 686 42.4517 0.0948255 42.5466 943.347 941.813 21.8638 0.834764 686 85.4763 901.062 986.539 125.021 -0.278656 -0.0185287 1.20409 0.137219 77 8.71952 -8.71971 -0.000188419 56.7565 0.272283 0.313304 0.316878 0.0703372 0.00717876 96 0.396086 0.0995709 0.495656 39.9302 40.9468 18.3575 1.87361 96 69.3405 1.31866 70.6591
116 121.425 124.074 34.1053 6.56357 27 134.916 71.6117 206.528 4.99689 4.99689 36.9049 16754.2 0.959586 0.275313 4.39147 0.169531 671 40.4722 0.0855153 40.5577 951.02 953.087 17.2066 0.664255 671 76.2093 902.636 978.845 160.023 -0.420326 -0.011799 1.68577 0.324427 27 8.72609 -8.72669 -0.000595375 85.0637 0.240438 0.289352 0.28274 0.0167357 0.00322078 27 0.0552899 0.271381 0.326671 35.0343 36.6827 10.0427 1.93272 27 45.0493 21.5511 66.6005
119 130.107 146.729 71.978 8.3113 75 223.964 7.72923 231.693 18.1116 19.8535 117.255 14831.5 0.559502 0.553152 0.174443 0.00715747 594 0.921526 0.104467 1.02599 674.502 672.83 27.2222 1.11694 594 104.798 623.165 727.964 142.646 -0.0499232 -0.0446478 0.026018 0.00302453 74 0.105642 -0.113373 -0.00773101 10.8256 0.386209 0.562022 0.454433 0.256086 0.0295703 75 1.3764 0.371879 1.74828 60.298 64.8752 27.6719 3.19527 75 86.0132 10.8397 96.8529
120 121.115 121.539 78.6008 8.42689 87 254.955 7.50033 262.455 112.311 122.581 59.6086 17053.8 0.495414 0.521328 0.179761 0.00687836 683 0.80806 0.0717301 0.87979 680.021 682.255 25.5971 0.979445 683 111.576 618.95 730.527 151.576 -0.0454261 -0.0453389 0.0275036 0.00305595 81 0.111478 -0.114813 -0.00333535 9.16965 0.337776 0.514517 0.443543 0.226289 0.0242607 87 1.19963 0.306333 1.50596 49.0918 56.2699 25.1907 2.70073 87 85.2109 7.60742 92.8183
121 293.963 317.175 52.4649 15.1453 12 160.716 168.714 329.43 22.3897 21.9643 183.814 12859 0.494381 0.451591 0.157891 0.0069575 515 0.745335 0.126507 0.871843 818.635 817.809 43.07 1.89789 515 158.821 742.451 901.272 126.096 -0.0363327 -0.0293058 0.0115648 0.00333847 12 0.0339715 -0.0567676 -0.0227961 17.8008 0.394987 0.484668 0.457667 0.0610503 0.0176237 12 0.173573 0.452467 0.62604 139.334 145.099 13.647 3.93954 12 45.6815 103.884 149.565
124 171.28 185.528 54.077 6.60655 67 183.78 70.6905 254.471 36.1165 35.995 60.348 14956.4 0.35543 0.301964 0.159661 0.00652356 599 0.787972 0.0923222 0.880294 919.102 914.893 27.0515 1.1053 599 105.878 867.936 973.814 133.673 -0.0321679 -0.0236198 0.0258039 0.00333127 60 0.108853 -0.110222 -0.00136854 9.18287 0.262812 0.306344 0.320324 0.0447009 0.00546108 67 0.230232 0.228873 0.459105 54.0175 62.3145 20.9457 2.55892 67 64.332 17.2511 81.5831
125 128.983 148.999 64.5442 6.12626 111 225.602 3.55104 229.153 22.8206 23.6998 223.042 12609.3 0.429606 0.429394 0.108237 0.00481649 505 0.583637 0.110466 0.694103 889.114 891.337 20.7076 0.921476 505 91.6002 833.889 925.489 169.876 -0.0323505 -0.0327898 0.0184058 0.00213963 74 0.0808705 -0.0826866 -0.00181612 6.95446 0.342236 0.446107 0.407321 0.131188 0.0124518 111 0.820139 0.344908 1.16505 52.9713 60.1628 27.35 2.59594 111 113.246 2.33209 115.578
127 109.269 122.865 64.1297 7.12553 81 193.69 4.30585 197.995 35.9488 33.4871 1261.72 12609.3 0.461215 0.476887 0.137802 0.00613213 505 0.616991 0.166724 0.783715 877.943 876.148 19.056 0.847981 505 85.9592 832.866 918.825 114.884 -0.0228067 -0.0214373 0.0146158 0.00213194 47 0.0538911 -0.054532 -0.000640887 4.15345 0.329942 0.422164 0.403573 0.095538 0.0106153 81 0.492828 0.334435 0.827263 43.263 44.3735 25.7423 2.86026 81 77.2128 2.05957 79.2723
128 63.176 56.6707 44.6814 5.379 69 174.456 3.62007 178.076 4.99706 4.99706 89.9689 37428.4 1.7276 0.291396 6.15171 0.158889 1499 42.2914 0.019451 42.3109 910.303 911.943 16.6634 0.430389 1499 76.3691 870.147 946.516 86.9283 -0.0670875 -0.0258022 0.304299 0.0421987 52 2.23663 -2.23702 -0.000392169 7.06386 0.252047 0.287413 0.311849 0.0741433 0.0089258 69 0.469899 -0.00207407 0.467825 19.108 14.5991 14.3285 1.72495 69 48.1097 -0.0129395 48.0967
130 68.6576 74.3988 50.9211 5.52317 85 173.445 3.58879 177.034 4.9969 4.9969 69.9742 23395.9 1.97283 0.346962 6.44555 0.210567 937 40.3368 0.101198 40.438 906.389 907.035 13.8611 0.452821 937 69.0466 870.325 939.372 16.8255 -0.285564 -0.0271438 1.12781 0.135772 69 7.14808 -7.14842 -0.000342015 32.677 0.251287 0.308461 0.289869 0.0754471 0.00818338 85 0.592208 0.159066 0.751274 20.7034 20.9973 15.3225 1.66196 85 47.1898 0.671265 47.8611
131 182.006 177.412 65.9231 9.14189 52 211.775 92.7078 304.483 18.027 26.9897 166.121 14656.8 0.565636 0.571102 0.182932 0.00755042 587 0.797196 0.103289 0.900485 758.758 754.953 27.8853 1.15095 587 130.211 711.86 842.072 47.3705 -0.0245037 -0.0198116 0.0183823 0.00298201 38 0.059209 -0.0594318 -0.000222837 7.43301 0.310933 0.354793 0.367931 0.0604243 0.00837934 52 0.225769 0.229679 0.455448 67.9099 64.0804 34.1714 4.73872 52 115.146 23.5295 138.676
136 103.245 93.0953 52.8655 4.54994 135 186.976 18.8104 205.786 22.5924 22.8356 39.4173 30162.5 0.368384 0.357167 0.148251 0.00426546 1208 0.73339 0.00854303 0.741933 713.499 707.975 31.3699 0.902566 1208 136.681 659.118 795.799 39.4359 -0.0298814 -0.0285839 0.0164876 0.00139346 140 0.101843 -0.102028 -0.000185222 5.14182 0.328012 0.402315 0.400409 0.0683271 0.00588066 135 0.347981 0.28255 0.630532 40.6385 34.9546 21.586 1.85782 135 78.8786 9.29047 88.1691
137 144.759 146.254 30.0875 3.76094 64 112.986 90.9231 203.91 22.4905 21.5285 79.1588 23845.3 0.513789 0.505251 0.15182 0.0049128 955 0.91983 0.115841 1.03567 844.75 846.237 33.1425 1.07246 955 133.178 781.599 914.777 73.4819 -0.0465194 -0.042645 0.0195583 0.00244478 64 0.0884601 -0.0935773 -0.00511717 11.2235 0.421262 0.50318 0.511404 0.0281055 0.00351319 64 0.118778 0.42867 0.547448 73.1778 74.0295 16.9985 2.12482 64 65.4959 41.9346 107.431
140 82.3005 57.6902 61.3818 19.4106 10 173.761 40.3188 214.08 4.9969 4.9969 31.3277 22147.4 1.76548 0.501392 5.48756 0.184254 887 39.7482 0.0375055 39.7857 893.033 896.583 20.4185 0.685588 887 116.778 809.561 926.339 42.9028 -0.576836 -0.0364642 1.41373 0.232416 37 4.95778 -4.97626 -0.0184788 79.1231 0.455375 0.568946 0.59423 0.0666218 0.0210676 10 0.233386 0.425681 0.659066 44.9731 30.5186 30.9761 9.79551 10 84.2004 26.5728 110.773
141 153.911 155.481 30.7825 3.73293 68 134.43 90.436 224.866 17.8875 15.8819 45.7013 17028.8 0.408441 0.420207 0.190155 0.00728139 682 0.832078 0.00826855 0.840347 828.959 827.27 25.0231 0.958186 682 99.6973 779.233 878.931 356.044 -0.0454972 -0.043827 0.0183063 0.00221996 68 0.0915743 -0.106218 -0.0146435 11.6709 0.316148 0.373972 0.377902 0.0465907 0.00564995 68 0.213254 0.267047 0.480301 58.3905 59.7496 16.6512 2.01926 68 75.2433 24.1506 99.3939
142 86.8408 86.0061 57.547 5.23155 121 189.541 4.50502 194.046 4.99689 4.99689 81.771 15106.2 1.48921 0.495862 4.75367 0.193264 605 37.3589 0.138394 37.4973 867.502 871.568 28.8498 1.17291 605 121.77 796.653 918.423 74.5844 -0.220341 -0.0345521 0.940492 0.0904989 108 5.20647 -5.20667 -0.000201234 31.891 0.404692 0.545089 0.492124 0.159734 0.0145213 121 0.924008 0.259271 1.18328 42.1725 41.3536 26.3914 2.39922 121 96.4438 1.34747 97.7913
145 85.5117 78.46 61.8837 4.43159 195 241.298 3.55649 244.854 35.3 39.958 65.6942 30387.2 0.443965 0.425066 0.169238 0.00485125 1217 0.847767 0.0637576 0.911525 687.181 685.013 25.0151 0.717063 1217 121.634 637.629 759.263 91.5257 -0.0381599 -0.0375374 0.0235618 0.00191111 152 0.0858163 -0.0860405 -0.000224165 5.43853 0.312251 0.442394 0.370511 0.168589 0.0120729 195 0.985318 0.00374728 0.989065 32.0414 26.985 20.068 1.4371 195 86.7383 0.017334 86.7557
149 146.945 141.873 64.6373 4.35785 220 314.721 7.65363 322.374 28.0177 26.7716 51.7522 54407.3 0.463278 0.462781 0.158838 0.00340271 2179 0.858549 0.0455793 0.904128 778.634 777.033 50.3718 1.07909 2179 186.707 690.243 876.95 24.8307 -0.0339316 -0.0320821 0.0194918 0.00136806 203 0.0849917 -0.0861041 -0.00111246 8.31014 0.360886 0.431716 0.451209 0.0878908 0.0059256 220 0.424173 0.177734 0.601908 63.6366 64.1818 30.3231 2.04438 220 141.676 4.07886 145.755
150 67.9418 58.6311 45.6054 4.01533 129 167.867 3.56694 171.434 4.99703 4.99703 79.5331 26591.9 1.44789 0.499684 4.70185 0.144077 1065 39.3463 0.141505 39.4878 856.677 856.468 23.645 0.724544 1065 109.855 796.071 905.926 54.7931 -0.181393 -0.0367651 0.733947 0.0664484 122 5.03582 -5.03822 -0.0024058 20.5402 0.400587 0.555704 0.504793 0.18281 0.0160955 129 1.06342 0.19697 1.26039 32.6599 32.2299 17.982 1.58323 129 71.2618 0.716736 71.9785
151 86.4373 82.8579 54.7835 3.17886 297 311.596 3.68839 315.284 35.5117 36.3306 38.247 110712 0.455818 0.458995 0.178033 0.00267363 4434 0.943375 0.00185583 0.945231 680.132 667.027 55.7916 0.837859 4434 229.994 601.005 830.998 67.4646 -0.0374484 -0.0380945 0.0205781 0.00125235 270 0.0911933 -0.0918766 -0.00068332 5.39489 0.37145 0.479542 0.447646 0.106194 0.00616199 297 0.571892 0.265752 0.837644 38.5286 36.1627 22.7126 1.31792 297 136.678 1.12598 137.804
152 150.714 147.201 89.5668 6.60295 184 308.086 4.29774 312.383 22.569 21.3731 66.6723 24519.5 0.435854 0.404309 0.14054 0.00448481 982 0.82965 0.0319568 0.861607 707.667 697.84 41.4985 1.32427 982 180.651 638.354 819.005 73.4113 -0.0254782 -0.0187636 0.0225052 0.00198147 129 0.100352 -0.10117 -0.000817202 6.39988 0.318802 0.380448 0.36872 0.0586429 0.00432321 184 0.345672 0.195941 0.541613 57.6574 50.5297 38.309 2.82418 184 144.369 0.842102 145.211
153 132.216 128.847 66.9167 6.65846 101 235.87 4.02472 239.895 5.74301 5.74091 58.3242 19500.7 0.415873 0.34572 0.967884 0.0346336 781 24.5594 0.0173905 24.5767 656.132 647.95 30.7122 1.09897 781 153.596 606.517 760.113 46.1174 -0.172993 -0.0120398 0.79473 0.110209 52 4.16358 -4.16423 -0.000648039 38.1207 0.246006 0.269459 0.266374 0.0744668 0.00740972 101 0.319403 0.149885 0.469288 39.0311 36.4597 26.6493 2.6517 101 95.8179 1.5611 97.379
154 79.8195 80.9594 38.6146 3.14241 151 230.889 12.7382 243.628 4.99697 4.99697 55.8403 38377.3 0.958516 0.33915 3.74419 0.0955038 1537 38.718 0.0235346 38.7416 859.74 864.945 21.4865 0.548061 1537 100.464 794.326 894.789 355.335 -0.111985 -0.029525 0.522459 0.0426586 150 5.22654 -5.22847 -0.00193511 14.8977 0.425611 0.464616 0.34612 0.410997 0.0334464 151 3.48578 0.240974 3.72676 40.7664 28.0441 99.6192 8.10689 151 888.873 5.73419 894.608
155 134.593 142.144 84.0812 7.70771 119 260.259 6.87361 267.132 28.5141 29.8569 1254.22 12534.4 0.487095 0.482047 0.158859 0.00709024 502 0.783017 0.0844648 0.867482 729.634 728.232 30.0343 1.3405 502 136.705 680.644 817.35 89.8309 -0.030597 -0.0273968 0.0222301 0.00256691 75 0.0996486 -0.0996888 -4.0167e-05 6.86355 0.348833 0.40282 0.410182 0.104767 0.00960396 119 0.515416 0.180715 0.696131 56.3404 49.249 39.4498 3.61636 119 133.906 1.38 135.286
159 96.3385 109.718 60.6957 4.28114 201 256.16 4.26369 260.424 3090.17 2965.73 42.9917 51286.2 0.41159 0.382296 0.162175 0.00357836 2054 0.943866 0.0153536 0.959219 800.13 813.071 44.1003 0.973064 2054 191.831 681.667 873.498 88.8234 -0.0276314 -0.0265331 0.0154162 0.00112735 187 0.0744376 -0.0749054 -0.000467755 4.43662 0.311273 0.400507 0.362899 0.162068 0.0114314 201 0.839674 0.163844 1.00352 35.9851 32.6989 26.1992 1.84795 201 134.832 1.5238 136.356
160 93.3276 79.563 80.0678 5.91878 183 319.011 3.60138 322.613 4.9969 4.9969 29.8862 23970.2 1.14699 0.343664 3.82097 0.123321 960 31.9742 0.0596435 32.0339 669.181 662.883 38.8468 1.25378 960 174.285 584.752 759.037 55.2935 -0.162809 -0.00702932 0.738431 0.0757614 95 4.33057 -4.33057 -1.03936e-06 25.3242 0.217505 0.283331 0.255093 0.135875 0.0100442 183 0.90382 0.0341573 0.937977 24.359 16.7282 24.0444 1.77741 183 95.3323 0.262573 95.5949
161 147.59 148.409 39.5293 7.09968 31 158.157 76.7896 234.947 4.9969 4.9969 150.461 12759.1 10.0714 0.393046 12.807 0.566548 511 35.4607 5.00335e-05 35.4608 314.06 0.0255132 322.465 14.265 511 685.693 0.0134267 685.706 107.322 -1.70874 -1.01782 1.75795 0.221481 63 5.57158 -5.57218 -0.000597719 420.322 0.239877 0.288523 0.28787 0.00876183 0.00157367 31 0.0400758 0.269216 0.309292 42.4842 42.7923 11.2264 2.01633 31 43.2172 23.7504 66.9677
162 123.624 123.175 89.9576 7.44494 146 289.774 3.57867 293.353 5.68532 5.48227 48.472 15805.3 1.31935 0.313315 4.12644 0.164011 633 29.0278 0.104728 29.1325 651.076 655.378 25.9985 1.03335 633 121.152 585.521 706.673 59.45 -0.784496 -0.0126309 1.43264 0.130781 120 5.31379 -5.31413 -0.000332839 161.638 0.218831 0.281439 0.260953 0.0926372 0.00766671 146 0.802364 -0.0289567 0.773407 32.4634 31.7548 23.3364 1.93133 146 88.9447 -0.148987 88.7957
163 100.318 92.8054 54.6057 5.09201 115 215.801 5.07432 220.875 6678.35 4729.17 44.4592 17378.4 0.242289 0.240378 0.0858665 0.00325476 696 0.467305 0.0126191 0.479924 858.563 860.28 13.2144 0.500891 696 61.3707 817.33 878.7 149.117 -0.0219583 -0.021058 0.0111822 0.00107106 109 0.0626559 -0.0632613 -0.000605342 3.67136 0.206707 0.279564 0.245645 0.10619 0.00990226 115 0.514912 0.173849 0.688761 24.8837 26.1739 15.3337 1.42987 115 95.455 3.495 98.95
167 78.6016 80.6011 39.6845 3.63787 119 140.713 12.4964 153.209 70.1928 71.4072 68.3428 16254.8 0.357106 0.360315 0.11722 0.00459423 651 0.607222 0.0224406 0.629663 863.392 863.598 14.032 0.549957 651 63.8951 830.68 894.575 104.271 -0.0252626 -0.0238512 0.0126917 0.00116837 118 0.0531574 -0.055928 -0.00277057 3.30947 0.290686 0.37827 0.335475 0.0927828 0.00850538 119 0.424466 0.198999 0.623465 27.4181 29.929 11.8732 1.08841 119 43.0676 6.22632 49.2939
170 92.7796 71.298 63.7139 8.36604 58 230.5 16.6341 247.134 4.9969 4.9969 44.4033 26142.5 2.14035 0.46448 5.83143 0.18022 1047 33.1097 0.059348 33.169 751.924 756.074 38.1799 1.17994 1047 160.803 663.145 823.948 24.1149 -0.543269 -0.0224487 1.65955 0.247391 45 7.32883 -7.32943 -0.000594363 84.0071 0.323936 0.393843 0.404957 0.0637915 0.00837623 58 0.276496 0.229152 0.505648 36.0656 31.7856 23.1026 3.03352 58 92.4998 5.46759 97.9674
173 69.1143 59.7317 47.5507 5.06892 88 236.471 4.62612 241.098 4.99719 4.99719 70.1142 18077.5 1.92931 0.411181 5.94863 0.221079 724 38.4252 0.085988 38.5111 866.759 868.01 14.6057 0.542817 724 63.7411 830.664 894.405 89.8692 -0.172933 -0.0275903 0.788739 0.0850519 86 5.04138 -5.04219 -0.000809542 19.9202 0.415113 0.460479 0.405633 0.380924 0.0406067 88 3.75547 -0.0457943 3.70968 34.4283 25.83 92.9954 9.91335 88 894.762 -0.367493 894.395
178 93.8264 99.5979 35.8347 4.00644 80 180.599 4.49808 185.097 4.9969 4.9969 58.2569 22571.9 1.0409 0.31186 4.08415 0.135837 904 35.6779 0.0443945 35.7223 861.34 862.494 12.9474 0.430625 904 63.393 822.55 885.943 28.1855 -0.218528 -0.030246 0.941805 0.105297 80 5.17424 -5.17994 -0.00570162 34.1729 0.355365 0.830737 0.3033 4.6075 0.515135 80 41.8329 -0.058456 41.7745 40.0111 31.5809 95.7118 10.7009 80 886.166 -0.406006 885.76
179 99.9331 113.796 68.1983 7.67291 79 216.149 3.57707 219.726 4.9969 4.9969 93.5747 15256 1.41728 0.35004 4.97513 0.201272 611 39.0386 0.0643383 39.103 856.515 860.496 26.5293 1.07326 611 93.616 803.452 897.068 55.1833 -0.154948 -0.0112441 0.746127 0.103469 52 5.08159 -5.0819 -0.000314866 25.8074 0.441637 1.12462 0.306836 4.94917 0.556825 79 37.389 0.242852 37.6318 52.9609 34.2898 136.871 15.3992 79 894.678 1.42944 896.107
181 70.3278 41.4136 64.7663 6.35085 104 210.285 4.46387 214.749 5.66627 5.50901 42.1011 19750.4 1.70432 0.422306 5.27161 0.188152 785 37.8364 0.027559 37.864 825.41 824.668 29.7841 1.059 791 138.078 773.312 911.39 30.1676 -0.174358 -0.0226406 0.746425 0.0754003 98 4.81483 -4.81502 -0.000192698 20.4371 0.239859 0.355523 0.340084 0.161671 0.0158532 104 0.68027 0.0988555 0.779125 20.2425 12.4559 18.9533 1.85853 104 79.6363 0.800598 80.4369
182 76.0071 40.4251 69.4953 5.9812 135 226.737 3.53767 230.275 4.9969 4.9969 66.0165 18227.3 1.93581 0.44973 6.05563 0.224129 730 37.1147 0.00896637 37.1236 855.961 861.662 28.0014 1.03638 730 105.211 802.444 907.655 18.6013 -0.203377 -0.0257506 0.852444 0.0924606 85 5.28054 -5.28109 -0.000544402 25.7636 0.420179 0.716286 0.320313 3.09664 0.266516 135 28.177 -0.252352 27.9247 38.324 16.4206 107.579 9.25893 135 896.829 -1.00781 895.822
