BasinID HFR_mean HFR_median HFR_stddev HFR_stderr HFR_Nvalues HFR_range HFR_min HFR_max SA_binned_LH SA_Spline_LH LH_Density Area Basin_Slope_mean Basin_Slope_median Basin_Slope_stddev Basin_Slope_stderr Basin_Slope_Nvalues Basin_Slope_range Basin_Slope_min Basin_Slope_max Basin_elev_mean Basin_elev_median Basin_elev_stddev Basin_elev_stderr Basin_elev_Nvalues Basin_elev_Range Basin_elev_min Basin_elev_max Aspect_mean CHT_mean CHT_median CHT_stddev CHT_stderr CHT_Nvalues CHT_range CHT_min CHT_max EStar RStar HT_Slope_mean HT_Slope_median HT_Slope_stddev HT_Slope_stderr HT_Slope_Nvalues HT_Slope_range HT_Slope_min HT_Slope_max HT_relief_mean HT_relief_median HT_relief_stddev HT_relief_stderr HT_relief_Nvalues HT_relief_range HT_relief_min HT_relief_max
8 55.1123 67.4706 28.4446 4.02268 50 87.5304 4.92369 92.4541 4.99689 4.99689 125.213 14157.4 0.631373 7.02919e-05 4.63297 0.195083 564 41.4343 6.81752e-05 41.4344 5.28883 0.0187267 62.5244 2.62578 567 747.876 0.000706667 747.876 1.33721 -0.210842 -1.00434e-07 0.879053 0.11164 62 4.65719 -4.65719 -2.879e-08 19.3666 6.17912e-05 7.56622e-05 7.46173e-05 1.52228e-05 2.15282e-06 50 0.000100845 1.29595e-05 0.000113804 0.00408654 0.00509303 0.00211408 0.000298977 50 0.00665272 0.000206978 0.00685969
11 183.214 52.4674 252.937 13.3495 359 854.512 7.49572 862.008 14.9907 15.0664 681.934 19276 0.501694 7.07106e-05 4.26553 0.15352 772 43.8202 6.90086e-05 43.8203 4.13171 0.0363934 56.7496 2.04246 772 792.408 0.00176667 792.41 0.809382 -0.0332781 -5.14727e-07 0.370689 0.0270353 188 4.92687 -4.92687 -2.86625e-08 10.1617 5.99583e-05 7.46522e-05 7.44321e-05 4.36812e-06 2.30541e-07 359 4.30345e-05 7.0766e-05 0.0001138 0.0131822 0.00403302 0.0178808 0.00094371 359 0.0607127 0.000560312 0.061273
14 60.575 77.4628 32.5614 4.47266 53 97.4509 4.99777 102.449 9.30533 8.37326 188.478 16629.3 1.61281 7.07109e-05 7.26441 0.281914 664 41.6703 6.85568e-05 41.6704 12.3429 0.02226 95.0782 3.68421 666 747.491 0.000706667 747.491 2.71056 -0.205076 -4.36738e-07 0.933808 0.0677455 190 6.78453 -6.78453 -6.10108e-08 20.7041 6.06162e-05 7.31673e-05 7.29786e-05 1.16684e-05 1.60278e-06 53 7.21529e-05 2.21232e-05 9.42761e-05 0.00440619 0.00565334 0.00238332 0.000327374 53 0.00706667 0.000353334 0.00742
75 95.8159 95.5412 66.5856 9.7125 47 195.33 6.04378 201.373 4.99689 4.99689 75.9396 15156.1 1.12702 0.293936 4.28246 0.17382 607 33.1337 0.120668 33.2543 734.641 733.536 16.1021 0.653565 607 65.1328 696.868 762.001 209.598 -0.812771 -0.00555941 1.67874 0.465599 13 5.86237 -5.86395 -0.00157941 129.794 0.211553 0.249353 0.245566 0.017069 0.00248976 47 0.0822495 0.205428 0.287678 24.3242 22.5813 17.7754 2.59281 47 53.9561 1.41071 55.3668
77 91.3592 88.0491 65.5394 9.36277 49 194.325 6.56699 200.892 4.99689 4.99689 332.2 16030.1 1.5775 0.280357 5.28793 0.208698 642 31.1299 0.150225 31.2801 734.227 736.604 17.7306 0.699769 642 72.1953 696.43 768.625 156.194 -1.63573 -0.00154382 2.2924 0.72492 10 5.85823 -5.8587 -0.000471072 249.065 0.209722 0.25031 0.247201 0.0190718 0.00272454 49 0.100156 0.196784 0.29694 22.9921 21.0085 17.0182 2.43116 49 52.3495 1.43921 53.7888
78 70.7133 70.3764 42.626 4.32801 97 164.103 6.07372 170.176 4.9969 4.9969 58.5319 43920.4 0.814945 0.297838 3.30667 0.0788421 1759 33.5059 0.0228335 33.5287 705.804 708.082 29.8109 0.710792 1759 123.516 637.043 760.559 183.543 -0.10407 -0.0115161 0.642472 0.0669824 92 5.7966 -5.79727 -0.000669434 12.2652 0.2751 0.351079 0.32727 0.0877439 0.00890905 97 0.571351 0.104546 0.675896 23.3439 22.6428 13.4991 1.37062 97 54.4521 0.810425 55.2625
79 113.126 106.317 58.5887 4.13253 201 294.637 4.25066 298.888 4.99716 4.99716 71.7771 62097.7 0.844794 0.287613 3.51412 0.0704658 2487 33.2419 0.00529433 33.2472 705.386 704.342 32.7772 0.657255 2487 128.276 636.554 764.83 201.794 -0.142737 -0.00930196 0.773758 0.0558412 192 5.87238 -5.8725 -0.000119792 26.9121 0.256815 0.320079 0.307881 0.0800491 0.00564623 201 0.529976 -5.53145e-05 0.529921 34.8629 35.1321 15.2974 1.07899 201 77.333 -0.000366211 77.3326
80 63.0351 62.435 40.0115 3.49582 131 161.734 3.56855 165.303 4.99689 4.99689 40.0223 24968.9 1.35414 0.31336 4.74967 0.150198 1000 33.3327 0.044618 33.3773 734.067 738.245 23.8611 0.754554 1000 97.1537 678.872 776.025 194.988 -0.277033 -0.01625 1.07574 0.113392 90 6.52178 -6.5219 -0.00011972 29.1047 0.256969 0.292239 0.302026 0.130488 0.0114008 131 1.53337 0.0151226 1.54849 19.4377 18.3282 13.6455 1.19222 131 53.6292 0.11438 53.7436
96 118.952 115.995 71.2105 6.04 139 319.665 7.49621 327.161 4.99689 4.99689 79.7318 23221.1 0.668077 0.311029 3.05053 0.100031 930 29.2424 0.0936533 29.336 723.777 722.792 22.4457 0.736022 930 90.2144 678.861 769.076 195.221 -0.256551 -0.0115296 1.03667 0.0983968 111 5.93087 -5.93096 -9.40305e-05 50.862 0.230695 0.269733 0.264998 0.150084 0.01273 139 1.73311 0.139224 1.87234 32.9299 32.3293 21.7227 1.84249 139 89.3288 1.49506 90.8239
99 89.7136 84.0175 55.1514 5.87916 88 195.437 4.20521 199.642 4.9969 4.9969 81.965 35455.9 1.07863 0.544568 3.40923 0.0904716 1420 33.1709 0.0209028 33.1918 743.751 743.94 27.4905 0.729522 1420 113.912 688.237 802.149 107.192 -0.128198 -0.0488185 0.507084 0.0546803 86 4.13551 -4.13587 -0.000358565 19.1686 0.41714 0.541528 0.517534 0.236353 0.0251953 88 1.61388 7.69962e-05 1.61396 44.9077 37.3205 29.6359 3.1592 88 105.508 0.000366211 105.509
106 121.013 119.578 49.8206 5.60526 79 205.724 3.98741 209.711 4.99689 4.99689 50.3887 25393.4 1.22296 0.342494 4.19465 0.131533 1017 31.3168 0.0673126 31.3841 723.71 725.277 22.6709 0.710899 1017 101.468 656.01 757.477 223.354 -0.293369 -0.00523279 1.04989 0.160107 43 4.25409 -4.25416 -6.72184e-05 59.169 0.24918 0.282112 0.287551 0.0568798 0.00639948 79 0.315919 0.0309393 0.346858 36.1849 35.7639 17.3536 1.95243 79 65.9131 0.156616 66.0697
125 67.2882 69.5025 19.3036 6.10432 10 60.9837 38.6551 99.6388 113.239 110.169 53.0804 16504.5 0.372944 0.384331 0.17214 0.00669549 661 0.759551 7.14272e-05 0.759622 694.671 691.808 14.6037 0.568018 661 56.3542 675.624 731.979 132.395 -0.0418112 -0.0394984 0.0172875 0.00332699 27 0.0676345 -0.0823578 -0.0147232 4.689 0.334346 0.415363 0.400764 0.0743194 0.0235019 10 0.259197 0.352389 0.611586 26.9971 24.7 5.86668 1.85521 10 17.1382 21.7009 38.8391
130 73.5984 32.6107 66.2203 13.2441 25 195.935 7.49849 203.434 4.9969 4.9969 156.715 13558.1 0.640456 0.495425 1.63614 0.0702136 543 22.1282 0.0365071 22.1647 740.281 740.173 26.7891 1.14963 543 112.394 688.472 800.866 97.7172 -0.122694 -0.0386956 0.435626 0.045919 90 2.4823 -2.48347 -0.00117529 15.0501 0.428413 0.625128 0.523814 0.299093 0.0598185 25 1.48403 0.0313046 1.51533 37.8366 22.0119 30.8945 6.1789 25 94.8699 0.235779 95.1057
131 105.07 116.781 61.2726 6.56911 87 207.54 3.7415 211.281 5.60923 5.5724 306.845 14806.6 0.85786 0.353138 3.20583 0.131648 593 28.6469 0.0600551 28.7069 719.632 717.636 18.3742 0.754538 593 72.8396 679.788 752.628 227.468 -0.330458 -0.00659975 1.01578 0.142237 51 4.06612 -4.06617 -4.40911e-05 57.8689 0.275188 0.343048 0.334365 0.0635642 0.0068148 87 0.496413 0.252484 0.748897 34.6969 35.1558 21.1031 2.26249 87 65.1428 1.3277 66.4705
134 71.4598 71.374 49.0205 5.16721 90 164.495 3.7695 168.265 4.99689 4.99689 78.7903 13633 1.70437 0.366692 5.04919 0.216085 546 31.0998 0.0226659 31.1225 726.32 728.95 16.7404 0.716425 546 69.7944 681.63 751.424 242.645 -1.15799 -0.0111711 1.9521 0.223921 76 6.65693 -6.65706 -0.000123231 137.916 0.236984 0.373276 0.294809 0.387158 0.04081 90 2.30873 0.107937 2.41667 20.3218 15.8506 15.9128 1.67736 90 56.9855 0.95752 57.943
137 112.057 109.778 63.6 6.2667 103 253.145 7.82373 260.969 343.039 355.192 100.017 14307.2 0.313699 0.296098 0.158292 0.00661275 573 0.809741 0.0123801 0.822121 675.817 672.435 19.6047 0.818997 573 86.3285 642.29 728.618 178.904 -0.0151021 -0.0107789 0.0145163 0.00145163 100 0.0581816 -0.0585179 -0.000336339 2.82049 0.206877 0.281908 0.251728 0.12462 0.0122792 103 0.67462 0.140599 0.815219 27.8185 23.5563 16.2882 1.60493 103 66.0856 6.37805 72.4636
140 82.1739 69.9882 45.4256 6.48938 49 163.126 8.46337 171.589 4.99711 4.99711 71.2015 21448.3 0.976948 0.338135 3.59082 0.122517 859 32.7363 0.0259009 32.7622 717.434 713.242 18.9495 0.64655 859 99.1203 659.571 758.692 267.419 -0.214457 -0.0241934 0.797013 0.0973707 67 4.4403 -4.44033 -3.30021e-05 29.3713 0.212319 0.29704 0.234346 0.183778 0.0262541 49 0.798852 0.118552 0.917404 20.9365 18.0082 11.9669 1.70955 49 47.1028 3.77307 50.8759
150 41.4236 43.2672 11.855 2.96376 16 40.8743 19.0896 59.9639 28.3993 1691.19 82.32 16429.6 0.29692 0.312316 0.119457 0.00465691 658 0.541558 0.00489682 0.546455 650.394 648.919 8.89496 0.346761 658 47.0876 628.417 675.504 193.056 -0.0313473 -0.0306185 0.0157575 0.00198525 63 0.0628417 -0.0651599 -0.00231821 2.1642 0.309154 0.369468 0.378146 0.040018 0.0100045 16 0.133904 0.293061 0.426965 15.3675 13.2056 5.06464 1.26616 16 14.039 8.11261 22.1516
151 149.351 147.949 26.5086 5.10159 27 112.911 78.4633 191.375 35.6574 35.3876 46.3709 32160 0.442178 0.453856 0.154918 0.00431662 1288 0.799944 0.0188829 0.818827 686.838 684.706 23.5114 0.65512 1288 111.168 640.548 751.716 116.258 -0.0380116 -0.0382595 0.0124985 0.00228191 30 0.0469859 -0.061157 -0.0141711 9.46176 0.322782 0.38349 0.385435 0.0313274 0.00602896 27 0.101973 0.331839 0.433812 57.8492 56.7048 14.2371 2.73993 27 48.9483 32.0552 81.0035
152 102.447 80.6621 59.9162 5.04585 141 237.877 23.5056 261.382 5.70271 5.73796 31.5982 44894.1 0.643487 0.366356 2.49809 0.0589132 1798 33.1369 0.00937187 33.1463 679.954 668.818 39.9566 0.942309 1798 150.94 624.479 775.419 264.785 -0.214438 -0.0253481 1.03013 0.0982189 110 8.3559 -8.35608 -0.000177348 36.6141 0.272789 0.341499 0.333451 0.0850927 0.0071661 141 0.572101 0.0941435 0.666245 33.5356 28.254 18.4182 1.55109 141 75.3356 2.80585 78.1415
153 53.1309 53.7627 7.2307 1.61683 20 29.2386 34.3149 63.5535 70.3278 69.5806 69.3403 18452 0.39429 0.388089 0.186361 0.00685542 739 0.941322 0.0263572 0.96768 654.106 652.73 12.8857 0.474008 739 54.7928 628.595 683.388 80.0091 -0.0351055 -0.0324177 0.0128755 0.00268472 23 0.0405976 -0.0562851 -0.0156874 3.10864 0.329356 0.400484 0.411219 0.0482219 0.0107827 20 0.194158 0.302309 0.496468 20.9987 20.6735 2.03788 0.455685 20 8.37262 17.0363 25.4089
154 164.367 7.49553 294.593 15.3152 370 956.312 7.49534 963.807 4.99689 4.99689 7.58761 30986.4 1.54867 7.07107e-05 7.26304 0.206173 1241 44.1386 6.90085e-05 44.1387 12.7938 0.0575933 99.5804 2.82675 1241 792.642 0.00176667 792.644 2.8136 -0.148038 -5.14915e-07 0.692774 0.0544295 162 4.97084 -4.97084 -2.83903e-08 40.5542 0.0868449 0.0179264 9.42787e-05 0.120004 0.00623873 370 0.827468 7.07649e-05 0.827539 17.1294 0.000706668 115.156 5.98666 370 792.636 0.00056031 792.636
155 104.637 107.956 67.8052 4.9452 188 242.121 3.7193 245.84 55.9093 56.4498 46.8642 20499.5 0.427804 0.446941 0.161704 0.00564351 821 0.742288 0.0274145 0.769702 701.937 700.667 34.1646 1.19235 821 127.526 647.837 775.363 247.769 -0.0289715 -0.0287897 0.0194956 0.00168416 134 0.121563 -0.12172 -0.000157436 5.05249 0.342496 0.39969 0.408317 0.167758 0.012235 188 0.948666 -6.82861e-05 0.948597 43.0053 45.0892 29.197 2.12941 188 105.188 -0.000366211 105.188
157 136.04 130.29 48.1091 5.59257 74 211.288 13.3024 224.59 4.9969 4.9969 76.362 44195 0.597689 0.495211 1.55877 0.0370506 1770 28.7632 0.00110807 28.7643 701.487 698.256 37.3121 0.886877 1770 139.124 642.008 781.131 97.4898 -0.123201 -0.0516012 0.500576 0.0549454 83 4.01624 -4.01638 -0.000135217 27.9336 0.398873 0.466813 0.480236 0.0571756 0.00664653 74 0.223336 0.316422 0.539759 65.115 62.8427 28.0514 3.26091 74 110.07 5.11493 115.185
159 54.1563 54.1563 0 0 1 0 54.1563 54.1563 69.4084 73.6879 68.0455 37478.4 0.291291 0.250382 0.166082 0.00428679 1501 0.774462 0.0099773 0.78444 638.091 636.625 8.82323 0.227739 1501 41.011 623.448 664.459 196.538 -0.0413827 -0.045931 0.0157915 0.00344599 21 0.0428395 -0.0597199 -0.0168804 3.73522 0.31324 0.375887 0.375887 0 0 1 0 0.375887 0.375887 20.3567 20.3567 0 0 1 0 20.3567 20.3567
160 106.793 101.953 69.306 5.58484 154 227.402 3.85029 231.252 4.9969 4.9969 67.5768 31585.7 0.563237 0.439554 1.47604 0.0415003 1265 25.3377 0.0104651 25.3482 708.663 708.301 35.0196 0.984614 1265 133.176 647.837 781.013 251.13 -0.106291 -0.0273554 0.539985 0.0468226 133 4.38186 -4.38246 -0.00059893 18.9187 0.375738 0.459665 0.442276 0.16747 0.0134951 154 0.885714 4.43866e-05 0.885759 48.1517 48.6739 29.0019 2.33704 154 97.1195 0.000366211 97.1199
161 100 100.104 48.0155 3.80788 159 223.948 5.5548 229.503 4.9969 4.9969 63.6653 35156.3 0.76261 0.453291 2.59101 0.0690505 1408 29.3932 0.0634433 29.4567 728.79 732.176 28.6123 0.76252 1408 112.522 669.831 782.353 226.239 -0.0925579 -0.032612 0.437764 0.0356248 151 4.25902 -4.25924 -0.000217236 15.4263 0.311547 0.39616 0.415971 0.128692 0.0102059 159 0.769281 0.111087 0.880368 37.3857 32.9602 20.0016 1.58623 159 94.4899 0.617065 95.107
167 80.4652 72.0634 57.0944 4.64628 151 217.944 4.80167 222.746 4.99697 4.99697 63.5907 34806.7 1.47057 0.53133 4.52312 0.121145 1394 31.8815 0.00835174 31.8898 712.356 710.495 23.6729 0.634045 1394 114.809 660.917 775.726 92.9611 -0.114367 -0.0416956 0.529057 0.0439358 145 4.35159 -4.35225 -0.000660097 15.3376 0.330651 0.439757 0.414527 0.168732 0.0137312 151 1.03207 0.142344 1.17441 31.9271 29.4973 24.1116 1.96218 151 112.437 2.30774 114.744
170 96.5283 56.5191 169.259 12.5809 181 966.936 3.66091 970.597 4.9969 4.9969 47.3938 32409.7 0.883688 0.455416 2.89334 0.0803086 1298 29.5133 0.0249406 29.5382 744.865 748.575 27.2848 0.757327 1298 118.019 673.036 791.054 245.896 -0.20812 -0.0369492 0.802247 0.0661682 147 4.46786 -4.46835 -0.000491784 33.4825 0.420015 0.41405 0.385172 0.189619 0.0140943 181 0.93958 0.0743393 1.01392 48.652 19.7751 138.543 10.2978 181 790.361 0.684937 791.046
171 136.64 146.415 56.9068 5.93294 92 188.311 36.4295 224.741 35.49 35.5513 53.4798 26691.8 0.462887 0.471227 0.19538 0.00597575 1069 1.11394 0.00356861 1.11751 673.532 670.321 30.7037 0.939078 1069 120.119 626.582 746.701 23.5917 -0.0491852 -0.0478667 0.0206294 0.00206294 100 0.0930229 -0.102328 -0.00930487 11.2011 0.320373 0.395523 0.381744 0.0636091 0.0066317 92 0.310711 0.275159 0.58587 52.5308 50.8688 21.7803 2.27076 92 90.5421 15.8961 106.438
172 101.679 111.295 55.0912 5.68222 94 164.74 21.3085 186.049 71.8056 65.1905 53.501 17353.4 0.434743 0.424062 0.187197 0.00710077 695 0.840587 0.024024 0.864611 659.834 657.776 24.5727 0.932097 695 97.9778 624.506 722.484 37.3679 -0.0395152 -0.0379409 0.0200659 0.00212698 89 0.0957804 -0.0979837 -0.00220328 6.69645 0.362425 0.410603 0.428557 0.0690226 0.00711914 94 0.265082 0.233718 0.4988 44.2213 48.088 26.4678 2.72994 94 82.6299 5.95667 88.5866
173 105.064 116.73 34.4754 4.52684 58 126.715 18.7946 145.509 35.0079 31.3713 111.163 14981.4 0.412161 0.437742 0.145817 0.00595297 600 0.713604 0.0173122 0.730917 690.321 690.724 11.4098 0.465803 600 47.4966 665.125 712.621 308.851 -0.0375103 -0.0376946 0.0130155 0.00159009 67 0.0719682 -0.0727818 -0.000813531 6.5683 0.251893 0.316818 0.289785 0.0784957 0.010307 58 0.40521 0.0831194 0.488329 31.7578 33.8138 7.81792 1.02654 58 39.5082 1.56219 41.0704
174 109.635 105.957 54.9152 4.54482 146 209.146 5.34457 214.49 35.6953 31.6271 84.9209 26841.6 0.499119 0.502943 0.162152 0.00494558 1075 0.89734 0.0413267 0.938667 707.377 705.91 28.7137 0.875761 1075 116.85 657.391 774.241 9.3436 -0.0358686 -0.0360374 0.0211326 0.00179244 139 0.10022 -0.1012 -0.000980741 6.55409 0.371206 0.456409 0.463063 0.0794171 0.0065726 146 0.512689 0.28198 0.794668 48.8365 46.5119 24.8849 2.05949 146 95.9388 2.60809 98.5469
175 46.7405 32.8902 41.2095 4.00262 106 152.432 4.03582 156.468 4.997 4.997 54.9284 43396 1.21803 0.415797 3.91794 0.0939795 1738 29.9686 6.89037e-05 29.9687 719.802 717.284 19.751 0.473767 1738 114.123 660.612 774.735 22.7185 -0.129833 -0.0318118 0.589309 0.0518858 129 4.36968 -4.37021 -0.000530858 10.1141 0.389704 0.449777 0.475827 0.0979534 0.00951407 106 0.48273 0.204973 0.687702 21.8579 16.0217 20.1112 1.95338 106 70.9181 1.63422 72.5523
176 102.955 93.8976 94.8025 5.00349 359 959.185 9.37811 968.563 4.99688 4.99688 45.2532 102373 0.451267 0.421141 0.929116 0.0145104 4100 29.5403 5.65024e-05 29.5403 689.593 687.552 31.5473 0.492686 4100 168.756 624.684 793.441 212.373 -0.0914525 -0.0303492 0.558482 0.0307901 329 6.69241 -6.69296 -0.000544385 15.6925 0.350117 0.423227 0.396379 0.142976 0.00754597 359 0.740987 0.0858925 0.82688 43.2554 34.2415 70.9653 3.7454 359 789.077 2.58716 791.664
178 104.992 102.324 33.8979 5.23057 42 156.688 48.2795 204.967 110.589 102.561 63.5201 29163.7 0.318154 0.311773 0.156288 0.00457305 1168 0.717571 0.0115707 0.729142 640.706 639.041 11.4057 0.333733 1168 52.4148 623.079 675.494 194.894 -0.0155632 -0.01397 0.00948833 0.00130332 53 0.0452058 -0.0457657 -0.000559898 2.72336 0.181504 0.223729 0.214878 0.0359965 0.00555438 42 0.142692 0.172185 0.314878 22.8679 21.0084 6.7729 1.04508 42 35.2274 14.6138 49.8412
179 134.528 153.351 66.4661 5.87483 128 206.162 23.6407 229.802 45.1072 48.3968 70.4687 36579.5 0.398569 0.417749 0.179335 0.00468539 1465 0.844841 0.0113718 0.856213 663.177 654.436 32.2104 0.841544 1465 121.693 622.454 744.147 53.1759 -0.0324392 -0.033846 0.0168308 0.00152379 122 0.0729373 -0.0739437 -0.00100641 7.27329 0.369081 0.432898 0.447621 0.0948182 0.00838082 128 0.460653 0.173512 0.634165 59.5821 63.8207 32.2769 2.85291 128 104.363 8.34491 112.708
180 94.511 109.397 63.4989 5.54793 131 216.598 3.5596 220.157 4.9969 4.9969 85.8461 14706.7 0.805018 0.477164 2.5114 0.103481 589 29.766 0.0226791 29.7887 744.727 740.525 24.5018 1.00958 589 90.0097 704.542 794.552 201.202 -0.137459 -0.0351137 0.767013 0.0734665 109 6.74508 -6.74593 -0.000854917 21.6523 0.313493 0.427182 0.393519 0.196698 0.0171856 131 1.22939 -0.0224549 1.20693 35.5543 35.368 24.2396 2.11783 131 84.0071 -0.122681 83.8845
186 110.573 113.337 79.9561 8.93937 80 273.964 4.48501 278.449 4.9969 4.9969 282.904 21648.1 1.27557 0.493488 4.03285 0.136963 867 32.1404 0.081341 32.2217 763.085 766.369 29.2647 0.993881 867 120.789 704.542 825.331 234.036 -0.361355 -0.0327366 1.29602 0.164595 62 7.39479 -7.39673 -0.00193842 66.5932 0.372792 0.484702 0.462307 0.154288 0.0172499 80 0.904147 6.48566e-05 0.904212 49.4648 53.2877 31.8653 3.56264 80 106.214 0.000366211 106.215
187 96.9671 95.2545 58.6695 7.33368 64 208.346 7.59297 215.939 45.3675 44.8495 328.578 15855.3 0.475887 0.491997 0.144926 0.0057512 635 0.8056 0.0169225 0.822523 668.288 668.822 22.9052 0.908966 635 83.7221 624.067 707.789 254.662 -0.0296318 -0.0247833 0.0192129 0.00300054 41 0.0902743 -0.0940788 -0.0038045 4.78884 0.325724 0.39752 0.386128 0.0989583 0.0123698 64 0.754766 0.19541 0.950176 37.9014 34.817 23.9498 2.99372 64 78.0145 4.01898 82.0335
188 115.738 100.005 84.4692 5.91403 204 310.907 3.58953 314.496 4.99699 4.99699 73.0041 42022.7 0.987122 0.505431 3.17768 0.0774582 1683 34.6262 0.0395624 34.6658 757.113 756.411 43.9255 1.07072 1683 170.81 680.457 851.268 216.114 -0.123834 -0.0173644 0.737015 0.0590084 156 7.41238 -7.41238 -4.79864e-06 23.8872 0.356787 0.43193 0.44321 0.0887453 0.00621341 204 0.859093 8.31282e-05 0.859177 49.5526 51.1926 33.9304 2.3756 204 115.207 0.000366211 115.207
190 85.8864 102.293 40.9673 3.80371 116 174.825 3.72711 178.552 222.369 231.735 68.0452 25917.8 0.430374 0.434731 0.178603 0.00554358 1038 0.793169 0.0146125 0.807781 662.784 664.52 18.305 0.568161 1038 75.0217 624.065 699.087 323.001 -0.0277411 -0.0208189 0.0236362 0.00235189 101 0.114134 -0.114523 -0.000389343 3.97097 0.346616 0.441037 0.417265 0.086321 0.0080147 116 0.485866 0.312725 0.79859 35.7235 42.5515 15.4812 1.43739 116 53.8031 2.95612 56.7592
191 76.3854 82.17 54.9139 5.07679 117 235.238 6.22977 241.468 4.99713 4.99713 39.4298 24070.1 0.701418 0.432778 2.24445 0.0722888 964 28.9404 0.0348954 28.9753 729.505 730.545 24.388 0.785484 964 109.198 665.999 775.196 123.841 -0.162665 -0.0399439 0.684835 0.0625166 120 4.40991 -4.41266 -0.00275115 20.7087 0.33848 0.498676 0.403249 0.235987 0.021817 117 0.911349 0.255053 1.1664 31.0259 28.6163 22.1696 2.04958 117 109.377 3.89618 113.273
195 184.537 190.378 51.0039 7.43968 47 177.082 88.7079 265.79 433.305 436.454 49.6791 32809.2 0.407312 0.416601 0.136463 0.00376458 1314 0.75464 0.0324064 0.787047 663.121 657.551 29.5341 0.814753 1314 121.191 621.908 743.098 85.0766 -0.0320229 -0.0292082 0.0153349 0.00223683 47 0.0677624 -0.0738996 -0.0061372 9.849 0.308272 0.375566 0.362295 0.0478889 0.00698532 47 0.18878 0.311676 0.500456 68.265 71.1185 18.2596 2.66343 47 72.47 40.0541 112.524
196 139.431 138.648 91.1435 6.85077 177 311.859 3.55545 315.415 175.134 170.121 128.171 14931.4 0.385731 0.344785 0.147493 0.00603145 598 0.650288 0.0750478 0.725336 726.613 719.073 30.6315 1.25261 598 124.072 680.457 804.529 245.763 -0.0182124 -0.0172018 0.0124736 0.00105046 141 0.063324 -0.0636597 -0.000335685 4.23227 0.272389 0.324394 0.321515 0.0868383 0.00652717 177 1.01837 -0.112344 0.906029 45.5753 36.1272 33.4045 2.51083 177 115.156 -0.492004 114.664
197 85.9725 73.1143 69.0118 4.4828 237 282.467 3.75536 286.223 4.9969 4.9969 45.3634 41123.8 0.906093 0.45896 3.17233 0.0781684 1647 33.6145 0.0594979 33.674 755.705 756.178 37.6694 0.9282 1647 149.414 682.09 831.504 217.846 -0.073043 -0.0281232 0.445624 0.0308984 208 4.74537 -4.74633 -0.000958209 10.4662 0.354545 0.474757 0.458611 0.131005 0.0085097 237 0.762846 0.184112 0.946958 36.5774 28.3672 25.8415 1.67858 237 105.331 1.2428 106.574
206 84.2433 73.9672 59.5953 5.30917 126 198.461 5.7294 204.191 4.9969 4.9969 90.8425 17378.4 1.09423 0.487388 3.74954 0.142126 696 28.9272 0.0457503 28.9729 710.638 709.982 24.726 0.937237 696 105.717 666.734 772.451 106.726 -0.143912 -0.0396753 0.585034 0.0525376 124 4.08897 -4.09208 -0.00310517 20.2061 0.347791 0.448692 0.408774 0.148071 0.0131912 126 0.797477 0.174245 0.971722 35.1589 33.4264 23.9995 2.13805 126 88.7905 1.44922 90.2397
207 111.255 104.201 72.8109 4.82202 228 251.353 6.48327 257.836 22.5563 20.9278 34.4422 36504.6 0.285293 0.252403 0.14163 0.00370409 1462 0.78364 0.0464654 0.830105 709.026 703.546 33.5392 0.87716 1462 160.798 645.322 806.12 244.707 -0.0224694 -0.0205626 0.0150179 0.00107823 194 0.0860265 -0.0860457 -1.92313e-05 4.1664 0.2515 0.292677 0.288121 0.063028 0.00417413 228 0.358908 0.177618 0.536526 33.5769 26.7968 26.5842 1.76058 228 96.861 1.95007 98.811
208 79.8648 82.1071 42.1973 3.96959 113 196.153 3.63036 199.783 4.9969 4.9969 71.5057 30462.1 1.26493 0.402035 4.20387 0.120356 1220 34.0655 0.0202742 34.0857 767.853 766.227 16.6927 0.477912 1220 81.031 732.443 813.474 162.974 -0.147588 -0.0221991 0.693843 0.0727345 91 4.59602 -4.59665 -0.00063634 19.6451 0.3415 0.443468 0.429684 0.127925 0.0120342 113 0.711321 0.214342 0.925662 32.7285 30.1593 17.349 1.63206 113 67.8972 0.778137 68.6753
219 89.4242 85.7262 28.2908 4.08343 48 98.9946 37.8517 136.846 227.674 245.045 52.0633 17927.7 0.475547 0.491305 0.162165 0.00605196 718 0.871709 0.0451877 0.916896 672.562 673.006 16.159 0.60305 718 68.895 636.482 705.377 201.973 -0.0422606 -0.0431064 0.0095899 0.00138418 48 0.0566592 -0.07527 -0.0186108 6.29853 0.360046 0.441368 0.435499 0.0354291 0.00511375 48 0.171047 0.385513 0.55656 38.6361 39.0894 10.0533 1.45106 48 34.33 20.1656 54.4957
220 131.786 133.418 21.4571 3.39267 40 82.295 93.1396 175.435 177.658 73.1201 66.5605 23470.8 0.414201 0.442742 0.19721 0.00643227 940 0.813033 0.0227438 0.835777 646.842 644.556 17.2181 0.561594 940 60.6354 620.307 680.943 256.222 -0.0269399 -0.024018 0.0130462 0.00211637 38 0.0464976 -0.0511868 -0.00468917 5.91716 0.314684 0.381745 0.383509 0.0294651 0.00465883 40 0.113938 0.321256 0.435193 49.765 51.4418 5.38383 0.851258 40 16.7087 40.3474 57.0561
221 105.493 112.539 55.8397 5.20708 115 183.924 4.18161 188.105 56.5132 274.268 71.5184 21298.5 0.420467 0.424013 0.166141 0.00568855 853 0.834956 0.0296968 0.864653 678.381 680.308 18.4459 0.631577 853 78.3896 639.236 717.625 49.1508 -0.0353271 -0.0326307 0.0160587 0.0015174 112 0.0688098 -0.07415 -0.00534029 6.21128 0.299691 0.374342 0.360869 0.0832264 0.0077609 115 0.619617 0.095397 0.715014 37.9384 42.0881 18.984 1.77027 115 66.501 0.518982 67.02
222 51.4276 43.1091 42.6742 3.21669 176 173.389 3.60113 176.99 4.99689 4.99689 38.1302 42122.6 1.19075 0.476668 3.77113 0.091815 1687 32.1128 0.00922303 32.1221 707.98 710.248 28.254 0.687894 1687 112.881 644.356 757.237 80.7898 -0.0869658 -0.0410207 0.369978 0.028048 174 3.93287 -3.93326 -0.000391049 7.45407 0.387523 0.531187 0.493559 0.197595 0.0148943 176 1.57441 -0.0540233 1.52039 23.9153 23.8102 17.0058 1.28186 176 75.9728 -0.237122 75.7357
223 115.244 110.098 67.7128 5.56596 148 254.504 4.23374 258.738 44.6527 45.5038 306.845 14806.6 0.420871 0.421806 0.122478 0.00502958 593 0.669768 0.0721054 0.741874 726.92 724.748 25.3935 1.04279 593 104.617 681.192 785.809 232.297 -0.0251235 -0.0216146 0.0162656 0.00143769 128 0.0597171 -0.0601185 -0.000401377 4.82555 0.34096 0.420735 0.419916 0.0945637 0.00777309 148 0.815031 -0.0955516 0.71948 47.1523 48.6857 26.4295 2.17249 148 97.3193 -0.404541 96.9147
224 57.6899 51.5794 38.3236 4.08531 88 142.203 4.08623 146.289 4.9969 4.9969 81.5529 22796.6 1.80767 0.429335 5.45884 0.180661 913 36.181 0.0269152 36.2079 760.945 759.385 15.9397 0.527528 913 61.7288 732.582 794.31 247.487 -0.187681 -0.038794 0.722269 0.0783411 85 4.57595 -4.57816 -0.00220964 18.0454 0.308527 0.356838 0.360934 0.0790666 0.00842853 88 0.368579 0.149066 0.517645 21.3587 17.5781 15.4813 1.65032 88 51.2928 0.834961 52.1277
225 145.566 156.154 57.4705 6.12638 88 222.247 19.9477 242.195 92.1088 90.5587 135.652 12859 0.292749 0.289474 0.0987885 0.00435314 515 0.476414 0.0610949 0.537509 668.505 668.075 10.8329 0.477357 515 53.0317 643.391 696.422 276.075 -0.021998 -0.0213415 0.0104632 0.00112827 86 0.05294 -0.0533211 -0.000381068 5.33695 0.161952 0.205701 0.195072 0.041191 0.00439098 88 0.213056 0.157033 0.370089 28.2898 27.3161 10.2213 1.08959 88 41.8283 5.9873 47.8156
226 83.8109 80.9856 58.3232 3.80459 235 206.004 3.66415 209.669 69.6358 67.5458 49.7585 40150 0.403428 0.414615 0.147482 0.00367786 1608 0.663391 0.0335035 0.696894 717.354 716.041 29.3185 0.731137 1608 110.363 664.229 774.593 241.565 -0.0282023 -0.0253607 0.0158099 0.00107573 216 0.0669557 -0.0682618 -0.00130615 3.93944 0.340725 0.435752 0.418377 0.143275 0.00934626 235 1.24891 0 1.24891 34.2678 33.4736 22.6043 1.47454 235 85.5993 0 85.5993
228 84.6709 82.9298 40.2006 2.87147 196 208.603 8.49122 217.095 4.99707 4.99707 54.4396 55880.5 0.736373 0.507673 2.2608 0.0477894 2238 32.8068 0.0172417 32.8241 691.174 690.434 27.9667 0.591168 2238 126.284 626.504 752.787 137.007 -0.099628 -0.034218 0.462947 0.0329002 198 4.26153 -4.26847 -0.0069324 14.0593 0.390421 0.508408 0.498881 0.135363 0.0096688 196 1.10903 0.302479 1.41151 39.6688 39.976 14.8479 1.06057 196 59.857 7.62323 67.4802
233 112.409 115.947 39.3772 7.18926 30 161.477 55.6937 217.171 278.807 159.092 39.4077 30087.6 0.318104 0.29978 0.158092 0.00455423 1205 0.822356 0.00543018 0.827786 653.126 654.463 16.6101 0.478496 1205 67.4877 620.154 687.641 98.7281 -0.0111726 -0.010837 0.00485628 0.000934591 27 0.0191054 -0.0197646 -0.000659196 2.09317 0.254552 0.305194 0.308755 0.0337139 0.00615529 30 0.143731 0.238133 0.381864 34.3367 33.7811 12.5912 2.29884 30 39.791 18.0856 57.8765
234 169.448 185.407 58.5851 8.3693 49 230.283 21.2826 251.565 143.026 148.056 165.761 12684.2 0.216187 0.203669 0.0774604 0.00343675 508 0.395697 0.0190056 0.414703 687.398 687.854 9.75011 0.432591 508 54.4787 655.986 710.465 205.832 -0.0216551 -0.0196075 0.0130595 0.00194679 45 0.0527982 -0.0549693 -0.00217104 6.11567 0.156257 0.191334 0.188715 0.0231462 0.0033066 49 0.123548 0.142245 0.265793 31.7729 33.5958 10.56 1.50858 49 45.0537 3.02734 48.0811
235 61.5392 34.5072 69.7495 3.81082 335 304.137 3.6528 307.79 4.99692 4.99692 34.0089 81199 0.961842 0.325709 3.5244 0.061803 3252 37.3048 0.00250043 37.3073 783.112 788.347 49.3213 0.864886 3252 215.956 682.46 898.416 259.2 -0.0766284 -0.0209928 0.480784 0.0289924 275 4.83235 -4.83264 -0.000290188 7.85941 0.26705 0.339049 0.32861 0.160526 0.00877045 335 1.37463 -0.291103 1.08352 19.7208 13.553 20.1389 1.1003 335 83.7946 -1.83807 81.9565
239 86.9882 89.688 42.6457 4.14211 106 150.764 3.71379 154.478 34.8984 39.3691 252.484 14706.7 0.404581 0.41175 0.161435 0.00665182 589 0.741545 0.0334251 0.77497 685.537 686.25 10.4033 0.428661 589 49.6033 664.229 713.833 329.075 -0.0370358 -0.0361442 0.0160928 0.00163398 97 0.0731364 -0.0745612 -0.00142479 5.36946 0.258281 0.321681 0.310395 0.0932158 0.00905391 106 0.576959 -7.46856e-05 0.576885 26.9609 31.4171 12.1708 1.18213 106 46.8883 -0.000366211 46.8879
240 128.081 117.607 35.2088 4.17851 71 130.858 80.9273 211.786 260.859 281.116 73.2272 23271 0.173803 0.153136 0.0817084 0.00267645 932 0.491016 0.00818873 0.499205 646.61 647.502 7.03167 0.23033 932 40.7181 624.425 665.143 191.338 -0.0120454 -0.00943616 0.00835783 0.00106145 62 0.0308172 -0.030937 -0.000119843 2.5713 0.105696 0.132955 0.126265 0.0455982 0.00541151 71 0.181809 0.082769 0.264578 16.2452 14.8815 4.70374 0.558231 71 17.0521 10.8853 27.9374
241 61.0945 47.0199 49.6227 3.18987 242 231.799 3.82547 235.625 35.6935 33.1281 32.8584 34656.9 0.375722 0.369172 0.137856 0.00370025 1388 0.721055 0.031137 0.752192 726.526 724.063 25.0522 0.672437 1388 101.302 682.585 783.886 249.97 -0.034307 -0.0304961 0.0183818 0.00123094 223 0.0972845 -0.100086 -0.00280162 3.49328 0.317167 0.436214 0.380451 0.185945 0.011953 242 1.55829 4.89681e-05 1.55833 23.2526 16.7737 16.7583 1.07727 242 70.2792 0.000366211 70.2796
242 173.123 179.542 42.1963 5.49349 59 180.671 57.143 237.814 87.5591 88.4077 117.995 16879 0.373104 0.376848 0.177373 0.00682202 676 0.773698 0.0148048 0.788503 651.652 647.652 19.2798 0.74153 676 66.894 624.185 691.079 162.145 -0.0198858 -0.0156296 0.0160243 0.0021041 58 0.0846946 -0.0856681 -0.000973497 5.73782 0.244979 0.302433 0.279808 0.0550319 0.00716454 59 0.319123 0.23487 0.553993 50.894 51.7095 9.89861 1.28869 59 45.0031 20.8993 65.9023
243 52.7669 48.2928 30.001 2.86048 110 112.14 5.48631 117.626 4.9969 4.9969 37.1794 27091.3 1.22152 0.522068 3.65133 0.11085 1085 30.6574 0.0131833 30.6705 697.973 695.683 26.9807 0.819102 1085 115.571 637.251 752.822 108.367 -0.140829 -0.0357066 0.533552 0.0520693 105 4.14252 -4.1455 -0.00298123 12.3852 0.440793 0.533404 0.561563 0.164066 0.0156431 110 0.768372 0.198114 0.966486 27.9111 21.1872 17.4354 1.6624 110 63.2674 1.08691 64.3543
248 136.783 146.985 60.1442 6.56227 84 227.482 18.5844 246.067 139.975 376.447 474.35 13408.3 0.465017 0.4472 0.149816 0.00646505 537 0.894148 0.053163 0.947311 677.765 675.636 20.1747 0.870601 537 91.8919 636.941 728.833 115.641 -0.02903 -0.025679 0.0181424 0.00204118 79 0.0809372 -0.081163 -0.000225756 6.61803 0.306623 0.388622 0.368018 0.0849349 0.00926716 84 0.412485 0.27588 0.688365 50.329 47.3038 21.5621 2.35262 84 82.0585 8.49835 90.5568
249 79.1467 57.9289 59.1217 4.12924 205 222.361 3.5454 225.906 4.99697 4.99697 34.0609 55356.1 1.93711 0.32272 5.607 0.119083 2217 36.5123 0.0421948 36.5545 746.5 742.099 37.8943 0.804806 2217 170.129 678.696 848.825 229.332 -0.0956308 -0.0186221 0.561969 0.0463505 147 4.77102 -4.77194 -0.000919607 12.6148 0.22825 0.292053 0.27859 0.120859 0.00844113 205 0.983967 -0.391407 0.59256 21.6783 17.2463 15.1836 1.06047 205 64.8745 -2.25555 62.6189
253 146.521 147.124 15.0591 2.54545 35 105.271 86.3986 191.67 55.9472 59.4702 87.8814 15206.1 0.310577 0.288565 0.151595 0.00614294 609 0.687079 0.0194328 0.706511 640.51 640.593 9.2007 0.372831 609 39.507 621.938 661.445 157.358 -0.015637 -0.0128079 0.00970657 0.00161776 36 0.0344343 -0.0354711 -0.00103679 3.81857 0.153224 0.185541 0.170964 0.0383497 0.00648228 35 0.127651 0.143172 0.270822 26.9406 25.1569 5.08917 0.860226 35 15.2231 21.5358 36.759
254 76.2749 104.104 44.421 4.76243 87 137.666 8.44567 146.112 174.652 187.035 43.8486 22097.5 0.461034 0.48075 0.179524 0.00603462 885 0.868901 0.0107758 0.879677 665.097 663.508 14.1187 0.474596 885 60.9566 636.034 696.99 297.493 -0.0388694 -0.0350776 0.0175702 0.00191706 84 0.0722218 -0.0778444 -0.00562257 4.94127 0.34135 0.515943 0.446389 0.202869 0.0217498 87 0.832947 0.23364 1.06659 31.2437 35.8243 12.7789 1.37004 87 44.3643 7.11432 51.4786
255 94.9617 76.5177 66.333 4.22067 247 242.281 4.02726 246.308 683.037 698.005 48.2738 41198.7 0.338908 0.331266 0.128934 0.00317414 1650 0.715765 0.0157502 0.731515 722.749 715.404 25.5825 0.629797 1650 111.97 677.643 789.613 231.304 -0.0217887 -0.020001 0.0164845 0.00114026 209 0.0836045 -0.0836126 -8.11229e-06 3.44848 0.265466 0.357214 0.331036 0.121052 0.00770237 247 0.930927 -0.071201 0.859726 30.2509 26.9071 18.162 1.15562 247 76.4926 -0.450928 76.0416
256 97.2622 101.801 33.8414 3.21209 111 189.897 18.6211 208.518 35.5665 36.0114 70.3842 24819.1 0.421946 0.415613 0.167006 0.00529711 994 0.837071 0.0085719 0.845643 658.73 658.07 13.0415 0.413651 994 56.0284 631.091 687.119 317.994 -0.0321164 -0.0316282 0.0154837 0.00148307 109 0.069662 -0.076084 -0.00642193 5.20618 0.291345 0.368736 0.365683 0.0838536 0.00795903 111 0.499385 0.226453 0.725838 34.0042 36.0126 9.04458 0.858474 111 37.6987 11.1304 48.829
257 42.2021 28.6474 41.2644 4.10596 101 169.675 3.73016 173.406 4.9969 4.9969 71.2349 20624.3 2.09458 0.579748 5.54023 0.192769 826 32.1404 0.0169917 32.1573 705.18 705.703 22.5345 0.784077 826 96.6942 651.896 748.59 51.4484 -0.152796 -0.0276838 0.630097 0.0623889 102 4.18316 -4.18428 -0.00112489 10.7472 0.446808 0.464562 0.528885 0.206873 0.0205846 101 0.94415 -0.0334815 0.910668 22.6275 11.2351 24.1895 2.40695 101 91.9702 -0.258545 91.7116
259 104.254 94.2961 73.0087 8.21412 79 280.019 4.28841 284.307 4.99689 4.99689 345.88 13233.5 0.549625 0.577295 0.518443 0.0225197 530 11.6768 0.0647098 11.7415 704.321 705.39 25.462 1.106 530 96.9143 651.582 748.496 42.7317 -0.0834058 -0.018995 0.497073 0.0616544 65 4.05808 -4.05874 -0.000658374 14.4924 0.422002 0.54374 0.570902 0.15921 0.0179125 79 1.00781 -0.0409503 0.966856 52.7947 58.6382 30.9875 3.48636 79 97.5164 -0.31311 97.2033
260 86.9407 82.887 55.1427 5.35593 106 182.117 12.5585 194.676 28.4248 28.6319 49.8008 20874 0.38502 0.393867 0.144767 0.00500688 836 0.725647 0.0141679 0.739815 654.117 650.893 19.9053 0.68844 836 80.519 622.916 703.435 0.905659 -0.0302758 -0.0270995 0.0162128 0.00165471 96 0.0600898 -0.0662018 -0.00611198 4.387 0.294301 0.37895 0.3491 0.100571 0.00976832 106 0.620465 0.117709 0.738174 30.7041 28.7668 18.1774 1.76554 106 63.0038 2.58966 65.5934
261 121.427 120.283 19.6702 2.70191 53 89.814 60.6024 150.416 71.2761 11810.7 106.286 17328.4 0.332135 0.289936 0.162889 0.00618319 694 0.744334 0.00440224 0.748736 675.585 673.024 11.8452 0.449639 694 44.6014 653.829 698.431 170.027 -0.0299663 -0.0237245 0.0180615 0.00248093 53 0.0752644 -0.0850334 -0.00976898 6.06454 0.23566 0.285065 0.269115 0.060375 0.00829315 53 0.236127 0.207368 0.443495 34.3388 35.4664 7.99294 1.09792 53 29.7064 23.2796 52.986
262 90.571 63.8811 66.82 6.45973 107 270.29 5.46062 275.751 44.5966 47.8451 50.5986 29038.9 0.417746 0.4129 0.170137 0.00498894 1163 0.855921 0.00582862 0.861749 668.376 665.672 30.9519 0.907607 1163 105.965 622.919 728.885 35.1748 -0.0277192 -0.0242305 0.0178875 0.00178875 100 0.0818277 -0.0824972 -0.000669492 4.18426 0.313387 0.40679 0.376834 0.105385 0.010188 107 0.526468 0.19759 0.724058 34.0605 23.5497 23.6177 2.28321 107 90.6901 1.24988 91.9399
263 110.88 120.376 35.8705 3.42012 110 124.602 29.3382 153.94 45.0287 19.5738 61.1294 41173.8 0.441354 0.449574 0.182964 0.00450562 1649 0.815658 0.0192897 0.834948 650.902 651.504 15.6441 0.385247 1649 61.5898 621.933 683.523 296.918 -0.0463712 -0.0440015 0.018077 0.00165712 119 0.0768037 -0.0950923 -0.0182887 8.56941 0.304251 0.398522 0.35041 0.126358 0.0120478 110 0.603436 0.307968 0.911404 40.4824 42.5825 9.48348 0.904214 110 30.2183 22.4578 52.676
264 71.3177 74.9469 43.1795 3.75829 132 154.619 3.55718 158.176 141.44 148.037 58.1076 27740.5 0.391515 0.386755 0.175309 0.00525953 1111 0.803006 0.0122467 0.815253 643.867 641.66 15.2967 0.458924 1111 64.2238 620.171 684.394 100.118 -0.0332923 -0.0293528 0.0194628 0.00161075 146 0.0881776 -0.0894871 -0.00130951 3.95721 0.294308 0.376873 0.356208 0.131555 0.0114504 132 0.985061 -0.111426 0.873635 25.1872 23.9108 15.0175 1.30711 132 57.6425 -0.396362 57.2462
266 66.8041 57.7321 31.3037 5.81295 29 144.594 46.8515 191.446 28.1215 30.5552 41.2227 22422.1 0.407911 0.431849 0.175716 0.0058637 898 0.807674 0.00327715 0.810951 642.568 642.674 10.4986 0.350344 898 48.3679 618.319 666.687 283.493 -0.0435445 -0.0423176 0.0204542 0.00228685 80 0.0956981 -0.0959275 -0.0002294 4.84826 0.316135 0.391631 0.39748 0.0353682 0.0065677 29 0.157646 0.291997 0.449643 25.3429 23.0947 8.10137 1.50439 29 38.5229 17.3786 55.9016
267 145.098 166.514 47.2164 5.18267 83 186.196 46.1438 232.34 22.0728 21.5739 168.442 26067.6 0.376011 0.359772 0.153341 0.00474579 1044 0.730806 0.036903 0.767709 661.02 660.705 14.3564 0.444321 1044 60.0355 630.875 690.911 173.554 -0.0336294 -0.0285199 0.0187958 0.00201512 87 0.0722859 -0.0756446 -0.00335875 8.1326 0.221954 0.286146 0.273575 0.0709777 0.00779081 83 0.319335 0.196935 0.516271 38.6461 38.712 8.68845 0.953682 83 32.7495 23.1915 55.941
268 76.5111 71.8628 28.3988 14.1994 4 73.2352 50.7118 123.947 34.9803 36.0879 103.4 13757.9 0.509027 0.537105 0.195327 0.00832121 551 0.875275 0.022197 0.897472 658.585 658.099 13.7996 0.587884 551 54.2628 629.397 683.66 132.273 -0.0482459 -0.0471157 0.0123913 0.00164127 57 0.0586442 -0.0736657 -0.0150215 6.15225 0.32523 0.420222 0.475478 0.0882981 0.044149 4 0.227844 0.301778 0.529622 29.8604 28.3018 4.3947 2.19735 4 10.5463 26.8581 37.4044
269 84.184 44.2658 82.9586 5.00259 275 330.362 3.55339 333.915 4.99688 4.99688 41.6114 82846.9 0.837054 0.35736 3.02718 0.0525534 3318 34.257 0.00317124 34.2602 691.179 694.133 35.7963 0.621441 3318 128.843 620.293 749.136 53.6064 -0.0818262 -0.0354904 0.437705 0.0271453 260 4.22802 -4.2282 -0.000179737 11.4808 0.363601 0.473846 0.41828 0.290396 0.0175116 275 3.55412 -0.0769469 3.47717 36.7313 20.8544 65.984 3.97898 275 742.159 -0.273438 741.886
270 119.585 130.142 30.5147 4.07769 56 114.651 48.704 163.355 139.683 148.583 115.044 14157.4 0.410664 0.411443 0.145782 0.00612225 567 0.833775 0.0178971 0.851672 642.449 643.627 15.5874 0.654611 567 59.9987 608.36 668.359 186.271 -0.0366937 -0.034757 0.0166199 0.00216373 59 0.0868557 -0.089818 -0.00296228 7.31337 0.296398 0.355547 0.360135 0.0345828 0.00462132 56 0.1369 0.284826 0.421726 42.5338 47.5869 11.8175 1.57918 56 37.9453 18.3471 56.2924
271 48.7927 38.3057 42.0639 3.12659 181 266.309 3.77099 270.08 7.27341 7.68971 31.8335 31985.2 0.610204 0.399177 1.99292 0.0556821 1281 24.3307 0.0180207 24.3488 681.96 682.702 31.5801 0.882347 1281 131.456 610.414 741.87 69.6569 -0.0945473 -0.0356484 0.440039 0.0300104 215 4.17901 -4.18053 -0.00151801 7.68871 0.411054 0.517631 0.451481 0.28523 0.021201 181 3.44024 0.138407 3.57865 24.0677 17.1339 55.1781 4.10136 181 739.538 2.31354 741.852
272 118.944 119.419 83.438 9.3875 79 256.702 12.9895 269.691 142.362 58219.9 80.4181 25418.4 0.394032 0.371373 0.128292 0.00402093 1018 0.74228 0.0341864 0.776467 648.683 647.261 24.9049 0.780567 1018 106.244 599.676 705.921 78.9174 -0.0306547 -0.0319895 0.0167727 0.00194979 74 0.0723572 -0.0732689 -0.000911704 6.077 0.331774 0.432706 0.42021 0.0829007 0.00932706 79 0.45627 0.280564 0.736834 47.3551 54.5354 29.3769 3.30516 79 88.358 6.28998 94.6479
273 137.004 157.468 33.2616 4.65756 51 119.921 59.8037 179.725 89.0967 89.1626 477.884 13508.2 0.43865 0.451788 0.158369 0.00680882 541 0.735105 0.035904 0.771009 633.683 633.119 13.4302 0.577411 541 56.6417 603.043 659.685 159.507 -0.0410257 -0.041524 0.0142935 0.0020015 51 0.0572255 -0.068869 -0.0116435 9.36783 0.269893 0.326944 0.323053 0.0185692 0.0026002 51 0.0995182 0.297596 0.397114 44.3717 50.1574 9.80917 1.37356 51 33.5753 22.9788 56.554
274 133.229 138.168 17.7444 3.23967 30 92.4877 102.075 194.562 169.794 183.832 196.434 15031.3 0.492873 0.498258 0.114661 0.00467322 602 0.666303 0.104378 0.770681 651.201 652.364 18.8079 0.766551 602 78.8647 612.378 691.242 336.689 -0.0401627 -0.0377839 0.00965848 0.00176339 30 0.0352743 -0.0612691 -0.0259947 8.91808 0.407219 0.490989 0.502197 0.0294339 0.00537387 30 0.145688 0.378518 0.524206 65.1041 66.4381 6.77707 1.23732 30 22.3345 51.9441 74.2786
275 112.654 123.873 21.6809 4.02603 29 77.962 74.3824 152.344 4.9969 4.9969 95.0486 24669.3 1.89947 0.582258 4.80863 0.152983 988 29.9687 0.0216021 29.9903 658.08 658.495 17.5279 0.557637 988 72.9832 623.662 696.646 353.573 -0.103253 -0.0416655 0.32505 0.0593458 30 1.84612 -1.84963 -0.00350739 19.3864 0.380597 0.461065 0.45089 0.0313717 0.00582558 29 0.10211 0.413035 0.515145 51.4511 53.8265 8.29049 1.53951 29 38.7747 35.8798 74.6544
278 55.5065 54.4061 52.3766 8.49661 38 296.312 4.18099 300.493 4.99709 4.99709 87.8602 37278.6 1.11948 0.357869 3.80805 0.0985535 1493 30.1002 0.00173087 30.1019 695.068 693.04 13.3494 0.345487 1493 62.725 669.961 732.686 156.006 -0.250989 -0.0273285 0.894012 0.1061 71 5.6597 -5.6631 -0.00339595 23.2193 0.765135 4.17637 0.228618 17.0529 2.76634 38 92.8357 6.12683e-05 92.8357 50.964 13.365 153.466 24.8954 38 699.178 0.000366211 699.179
280 77.4903 82.4709 56.1475 7.07392 63 195.403 3.54183 198.945 4.99689 4.99689 116.256 17028.8 0.953645 0.514666 2.70994 0.103769 682 25.4324 0.0435339 25.476 654.988 658.956 23.5695 0.902523 682 86.5183 609.062 695.581 253.351 -0.169367 -0.0272478 0.616361 0.0854739 52 3.8705 -3.87058 -8.13473e-05 21.8738 0.426525 0.53011 0.551211 0.139792 0.0176121 63 0.67983 0.13284 0.812671 39.6619 48.0791 26.0538 3.28246 63 74.0509 0.737 74.7879
282 48.1622 36.2379 37.5306 5.8613 41 121.646 3.5588 125.205 4.99689 4.99689 323.403 15605.6 2.13709 0.503368 5.36653 0.214661 625 28.9032 0.140693 29.0439 648.201 650.341 19.2097 0.768388 625 77.1935 607.879 685.072 303.763 -0.302358 -0.0164927 0.980575 0.192307 26 3.71613 -3.71635 -0.000225119 24.2703 0.432723 0.469356 0.516873 0.114501 0.0178821 41 0.546632 0.0318828 0.578515 25.0091 16.7125 20.4373 3.19176 41 63.283 0.113464 63.3964
285 57.2948 56.5136 42.8583 7.14305 36 143.916 3.6849 147.601 4.9969 4.9969 82.9311 14207.3 3.15611 0.252518 7.11139 0.298125 569 31.6279 0.0363815 31.6643 684.458 684.111 5.0918 0.213459 569 28.626 669.961 698.587 132.829 -0.145218 -0.0205932 0.694329 0.124705 31 3.94386 -3.94793 -0.00406435 13.867 0.444319 2.66489 0.208467 14.3482 2.39137 36 87.5444 -5.82285e-05 87.5443 30.5486 11.783 113.085 18.8475 36 698.573 -0.000366211 698.573
