BasinID HFR_mean HFR_median HFR_stddev HFR_stderr HFR_Nvalues HFR_range HFR_min HFR_max SA_binned_LH SA_Spline_LH LH_Density Area Basin_Slope_mean Basin_Slope_median Basin_Slope_stddev Basin_Slope_stderr Basin_Slope_Nvalues Basin_Slope_range Basin_Slope_min Basin_Slope_max Basin_elev_mean Basin_elev_median Basin_elev_stddev Basin_elev_stderr Basin_elev_Nvalues Basin_elev_Range Basin_elev_min Basin_elev_max Aspect_mean CHT_mean CHT_median CHT_stddev CHT_stderr CHT_Nvalues CHT_range CHT_min CHT_max EStar RStar HT_Slope_mean HT_Slope_median HT_Slope_stddev HT_Slope_stderr HT_Slope_Nvalues HT_Slope_range HT_Slope_min HT_Slope_max HT_relief_mean HT_relief_median HT_relief_stddev HT_relief_stderr HT_relief_Nvalues HT_relief_range HT_relief_min HT_relief_max
2 220.31 224.408 8.67327 3.27819 7 24.1184 208.279 232.398 4.99689 4.99689 109.496 14756.6 1.18555 0.712864 3.20168 0.131699 591 34.292 0.252384 34.5444 834.524 834.522 46.5279 1.9139 591 177.568 746.618 924.187 246.764 -0.970025 -0.0242177 1.83765 0.649709 8 5.44326 -5.44768 -0.00441404 356.176 0.576506 0.691842 0.693459 0.00306722 0.0011593 7 0.00978208 0.685823 0.695605 152.412 154.405 5.8559 2.21332 7 16.3636 144.88 161.244
18 111.408 106.471 72.1984 7.25621 99 234.414 4.37543 238.789 4.9969 4.9969 58.3434 33283.6 2.25059 0.69711 6.30949 0.172814 1333 43.6085 0.238893 43.8474 910.93 911.763 44.1492 1.20923 1333 207.707 803.288 1010.99 240.111 -0.261245 -0.0261494 1.18713 0.131903 81 9.01094 -9.01236 -0.00141791 48.5079 0.527074 0.693329 0.652745 0.166134 0.0166971 99 0.735943 0.517355 1.2533 70.4641 76.5766 43.0481 4.3265 99 151.82 2.34375 154.163
20 91.7081 86.0423 67.6993 6.76993 100 209.038 3.5432 212.581 27.9663 28.2291 53.5793 39301.1 0.375689 0.322734 0.207981 0.00524229 1574 1.02896 0.0508253 1.07979 728.193 722.606 27.8026 0.700783 1574 121.244 680.521 801.766 235.764 -0.0214378 -0.0184345 0.0161014 0.00183492 77 0.0787518 -0.0794542 -0.000702369 3.2767 0.282559 0.316044 0.328076 0.085533 0.0085533 100 0.521328 0.0189231 0.540251 31.0955 22.5124 26.2819 2.62819 100 88.9214 0.118286 89.0397
23 89.9308 84.2316 48.9241 3.74132 171 241.878 5.07665 246.954 4.99702 4.99702 57.2809 65094 0.998274 0.619014 3.21361 0.0629395 2607 37.6677 0.0427236 37.7104 922.544 926.733 53.5666 1.04912 2607 208.774 803.776 1012.55 260.966 -0.148911 -0.0439912 0.782302 0.0622366 158 9.02968 -9.03035 -0.000670576 22.3195 0.544129 0.681203 0.667906 0.135983 0.0103989 171 0.730466 0.316127 1.04659 58.7207 55.13 28.7952 2.20202 171 140.951 2.505 143.456
25 67.2786 76.7641 51.942 5.84393 79 227.86 3.63327 231.493 4.9969 4.9969 62.5107 19026.3 1.87613 0.52833 5.96495 0.216087 762 41.4767 0.0741876 41.5509 975.171 981.762 26.0378 0.943251 762 106.545 909.453 1016 212.648 -0.248702 -0.0519354 0.956084 0.113466 71 5.73597 -5.73625 -0.000283334 27.8872 0.463005 0.755996 0.56498 0.351802 0.0395808 79 1.25335 0.302347 1.5557 37.3804 42.7199 23.8634 2.68484 79 134.872 1.87329 136.745
35 107.296 104.947 77.3346 5.59574 191 272.624 3.55128 276.175 22.5701 23.7709 54.9644 27166.2 0.4232 0.407416 0.184555 0.00559514 1088 0.783533 0.0692885 0.852822 739.93 732.911 37.9886 1.1517 1088 153.957 681.314 835.271 253.873 -0.0270525 -0.0225723 0.0212553 0.00172973 151 0.0974861 -0.097777 -0.00029092 4.83772 0.311081 0.34431 0.381582 0.106863 0.00773235 191 0.446777 0.086948 0.533725 40.0535 39.9561 32.2847 2.33604 191 122.582 0.634338 123.217
36 111.068 118.846 63.8265 5.64152 128 228.724 4.82019 233.544 4.9969 4.9969 647.93 19425.8 1.17996 0.526438 4.13924 0.148399 778 38.0319 0.179706 38.2116 970.045 968.38 28.3656 1.01695 778 114.416 909.109 1023.52 254.933 -0.194537 -0.0554316 0.796438 0.0730093 119 5.97081 -5.97102 -0.000204851 36.0114 0.434152 0.54945 0.516871 0.138704 0.0122598 128 1.1191 -0.0200413 1.09906 57.8645 59.9135 32.7837 2.8977 128 139.578 -0.121887 139.456
37 90.832 72.69 57.5076 3.49334 271 273.293 3.87362 277.166 22.5419 22.8548 50.7081 58377.4 0.578632 0.580125 0.168919 0.00349347 2338 1.01748 0.0251035 1.04258 792.597 788.372 54.3131 1.12327 2338 240.159 688.875 929.034 218.061 -0.0535865 -0.0540987 0.0241304 0.00149364 261 0.106549 -0.10669 -0.000141175 8.11228 0.500446 0.620555 0.5931 0.141051 0.00856824 271 1.19703 -0.0281752 1.16886 54.5479 42.1247 32.9887 2.00392 271 138.552 -0.216309 138.335
39 78.3566 59.0354 68.1244 4.68988 211 243.982 3.79352 247.776 279.852 283.378 36.6765 26117.5 0.48827 0.508932 0.199201 0.00615922 1046 0.840368 0.0786719 0.91904 745.565 747.561 41.3915 1.27981 1046 157.103 677.419 834.522 262.856 -0.0399853 -0.036016 0.0246068 0.00178988 189 0.107868 -0.10882 -0.000952023 5.22185 0.43849 0.517207 0.526582 0.168794 0.0116203 211 0.966151 0.157036 1.12319 41.2303 34.0268 35.3946 2.43666 211 113.952 0.775696 114.728
41 134.099 123.706 71.8499 7.29525 97 256.249 10.3383 266.588 17.8582 19.0437 113.015 13907.7 0.237254 0.194297 0.14898 0.00631251 557 0.806329 0.0609679 0.867297 699.698 698.391 13.8274 0.585887 557 74.69 674.815 749.505 250.974 -0.0234286 -0.012786 0.0246236 0.00278808 78 0.103721 -0.103781 -6.07995e-05 5.23625 0.16833 0.217569 0.19014 0.0787707 0.00799795 97 0.446938 0.16128 0.608217 27.0874 23.4621 15.6178 1.58575 97 65.8088 4.92975 70.7386
42 133.697 145.781 39.1657 7.83314 25 164.923 47.8232 212.746 22.0097 23.6355 461.984 13058.8 0.704094 0.707201 0.196397 0.00858785 523 1.15711 0.0640414 1.22116 907.604 907.494 27.5848 1.2062 523 118.091 840.973 959.064 187.104 -0.0567755 -0.0530408 0.0287795 0.0058746 24 0.101501 -0.117873 -0.0163713 12.6512 0.559506 0.663047 0.658258 0.0811097 0.0162219 25 0.277357 0.517323 0.79468 89.7652 99.0358 27.1896 5.43792 25 94.4323 24.7401 119.172
43 62.3756 42.4262 48.318 5.33583 82 166.473 7.51485 173.988 4.9969 4.9969 46.837 38327.3 1.15494 0.555852 3.93104 0.100335 1535 42.8327 0.0870146 42.9197 962.687 962.362 42.5187 1.08524 1535 204.524 840.147 1044.67 239.339 -0.19507 -0.0411924 0.898087 0.102347 77 5.79702 -5.79862 -0.00160397 20.2794 0.480409 0.671095 0.597531 0.218513 0.0241307 82 0.972446 0.463229 1.43567 35.959 29.3479 22.8646 2.52497 82 81.5198 6.57922 88.099
47 90.3643 99.8675 45.1971 3.97938 129 202.372 4.56894 206.94 680.421 688.67 78.2557 24869.1 0.422957 0.42075 0.177153 0.00561331 996 0.742403 0.0712153 0.813619 710.508 707.575 20.8209 0.659736 996 95.7248 676.943 772.668 270.424 -0.0393046 -0.0397138 0.0157665 0.00144531 119 0.0674884 -0.0680184 -0.000529937 5.91955 0.347739 0.387764 0.408945 0.121574 0.010704 129 0.740587 -0.0960357 0.644552 37.7078 38.7252 22.4246 1.97438 129 79.6057 -0.438782 79.1669
49 106.091 100.714 64.2035 4.51734 202 269.462 3.65105 273.113 17.7606 18.1907 80.2777 63171.4 0.571076 0.554808 0.164237 0.0032652 2530 1.04559 0.0634246 1.10901 774.252 772.536 38.9883 0.775128 2530 187.525 688.267 875.792 256.499 -0.0481226 -0.0457257 0.0234605 0.001702 190 0.111333 -0.112704 -0.00137144 8.50893 0.458492 0.596334 0.533221 0.206828 0.0145524 202 1.85629 -0.259322 1.59697 58.3701 58.1843 32.3768 2.27802 202 128.856 -2.11389 126.742
50 149.872 198.667 69.3882 9.71629 51 191.426 29.5569 220.983 17.9346 17.1657 280.347 16329.7 0.667294 0.648058 0.186475 0.00729175 654 0.972693 0.194245 1.16694 884.585 887.623 37.2088 1.45498 654 149.508 804.687 954.196 218.898 -0.0803626 -0.0923525 0.0333512 0.0049717 45 0.11891 -0.121521 -0.00261077 20.0735 0.5317 0.680957 0.631262 0.156448 0.021907 51 0.763313 0.465272 1.22858 95.6241 124.002 40.5527 5.67851 51 115.123 23.5987 138.722
53 31.5945 18.2031 33.2602 4.8515 47 115.468 3.64018 119.109 4.99701 4.99701 56.8543 21947.7 1.23209 0.383817 4.0403 0.136276 879 29.1389 0.013612 29.1525 677.393 673.771 14.0273 0.473128 879 56.1396 654.025 710.165 161.272 -0.274935 -0.035261 0.876105 0.138524 40 3.98568 -3.98715 -0.00147181 14.4774 0.349198 0.492932 0.529839 0.18485 0.0269632 47 0.813145 0.00102275 0.814167 13.2393 10.0183 10.733 1.56557 47 38.2097 0.00506592 38.2147
55 104.713 104.953 50.9107 7.58931 45 194.043 22.8279 216.871 4.9969 4.9969 124.43 14282.2 1.20735 0.589468 3.72377 0.155699 572 33.1328 0.0594801 33.1923 842.28 841.823 24.6415 1.03031 572 108.841 788.694 897.535 283.279 -0.311327 -0.0511819 1.02132 0.150586 46 4.83514 -4.83888 -0.00374554 54.3334 0.409546 0.52845 0.465435 0.115724 0.0172512 45 0.436035 0.427295 0.86333 51.462 46.3555 23.2161 3.46085 45 100.856 19.0814 119.937
56 62.3601 73.2658 32.8648 3.82045 74 107.718 3.56184 111.28 4.99711 4.99711 73.6892 16179.9 1.13791 0.456137 3.6975 0.145251 648 28.9555 0.0122576 28.9677 676.908 676.435 13.7127 0.538687 648 49.0009 654.426 703.427 101.228 -0.223756 -0.0317096 0.813709 0.0965694 71 4.14878 -4.15169 -0.00291327 23.2557 0.292117 0.336298 0.350407 0.0762516 0.00886407 74 0.425013 0.117658 0.542671 21.8597 26.1743 13.1866 1.53291 74 42.777 0.735657 43.5126
57 137.409 137.819 42.3413 4.7339 80 175.619 39.342 214.961 4.99689 4.99689 67.0835 26566.9 0.821575 0.623265 2.33287 0.0715188 1064 33.7113 0.182701 33.894 798.608 796.634 41.1582 1.26179 1064 177.962 717.591 895.553 260.912 -0.320436 -0.0469341 1.17857 0.131769 80 6.93985 -6.94567 -0.00581429 73.3847 0.482886 0.586644 0.587464 0.051387 0.00574525 80 0.275588 0.430095 0.705683 79.6235 75.9709 23.2355 2.59781 80 97.3758 24.5116 121.887
58 120.107 133.676 56.2328 6.17235 83 187.699 18.1578 205.857 454.128 447.106 41.0421 34956.5 0.367801 0.358997 0.181442 0.00484925 1400 0.916538 0.0234904 0.940029 684.097 676.102 23.4363 0.626361 1400 121.218 651.764 772.981 190.875 -0.0395721 -0.0353811 0.0238224 0.00291037 67 0.0906541 -0.0914291 -0.00077509 7.92144 0.341574 0.38656 0.397299 0.0894775 0.00982144 83 0.437393 0.168485 0.605878 49.2303 55.2527 28.8197 3.16338 83 93.8878 8.46307 102.351
59 40.5517 44.1471 29.0794 5.59633 27 83.3722 3.66599 87.0382 4.99706 4.99706 320.816 15480.7 1.47771 0.565929 4.08951 0.164239 620 26.2457 0.0225259 26.2682 677.232 677.694 13.335 0.535547 620 50.6868 652.062 702.749 169.151 -0.318101 -0.0363219 0.936529 0.127446 54 4.12695 -4.13522 -0.00826167 21.4992 0.414961 0.477699 0.485655 0.232581 0.0447603 27 1.10783 -0.0353207 1.07251 20.1928 20.9663 14.6473 2.81888 27 45.4092 -0.267639 45.1415
62 72.9016 69.384 53.5317 5.05827 112 166.632 3.94293 170.575 4.99689 4.99689 69.6973 14606.8 1.78435 0.723084 5.42204 0.224174 585 36.8332 0.206794 37.0399 841.144 847.487 34.6911 1.4343 585 136.421 760.466 896.887 274.574 -0.240176 -0.0214578 1.06365 0.15515 47 6.93338 -6.9337 -0.000322031 29.182 0.537766 0.567642 0.605784 0.146583 0.0138508 112 0.637995 0.180053 0.818048 47.0448 41.7186 38.3477 3.62351 112 114.12 1.15308 115.273
68 51.4413 57.0981 33.9379 5.36605 40 101.04 3.62353 104.664 4.9969 4.9969 162.487 14057.5 2.01491 0.589569 5.06979 0.213666 563 31.5994 0.0419467 31.6414 681.02 680.006 15.6491 0.65953 563 58.0995 651.988 710.088 92.4776 -0.257066 -0.0453095 0.761983 0.125269 37 3.95784 -3.98063 -0.0227929 22.0397 0.401551 0.534274 0.576471 0.19088 0.0301807 40 0.988233 -0.0202466 0.967986 24.7875 30.5451 13.6169 2.15302 40 47.105 -0.0733643 47.0317
69 134.924 130.96 75.0489 8.6087 76 239.053 21.0344 260.087 342.424 348.206 234.48 13658 0.514816 0.532882 0.169029 0.00722715 547 0.779771 0.0376392 0.81741 717.706 711.852 35.6181 1.52292 547 122.489 667.883 790.372 231.354 -0.0345627 -0.0346263 0.0191241 0.00244858 61 0.074085 -0.0761633 -0.00207825 7.77221 0.337103 0.372852 0.390952 0.0851284 0.0097649 76 0.306387 0.172414 0.478801 54.5799 50.3415 37.645 4.31817 76 111.847 8.84528 120.692
70 100.494 106.113 66.9209 6.69209 100 215.022 3.57481 218.597 4.99689 4.99689 446.967 12634.3 1.14927 0.612599 3.97888 0.176883 506 33.9131 0.18707 34.1002 821.468 816.338 35.1665 1.56334 506 140.337 759.646 899.983 239.269 -0.354497 -0.0337285 1.31587 0.169878 60 6.94838 -6.9506 -0.00221984 59.3745 0.46114 0.532518 0.547566 0.0946394 0.00946394 100 0.532272 0.213549 0.745821 55.61 56.7447 37.5325 3.75325 100 117.7 0.874878 118.575
71 97.8534 104.225 56.7883 5.85727 94 178.583 5.31916 183.902 5.78195 5.50189 291.493 16978.9 1.69252 0.578518 4.96153 0.190266 680 36.4234 0.0345946 36.458 828.422 831.795 31.2078 1.19677 680 132.982 759.969 892.951 297.245 -0.242142 -0.0391897 0.894779 0.114565 61 5.01627 -5.01675 -0.000480937 39.4907 0.904285 0.910238 0.524222 1.43985 0.148509 94 8.65276 0.0559629 8.70872 106.185 69.0826 203.965 21.0374 94 892.62 0.323425 892.943
72 42.7149 39.2801 28.4757 3.0016 90 121.489 4.02674 125.515 4.99714 4.99714 58.1583 24095 1.17361 0.515988 3.71726 0.119663 965 28.3398 0.0313657 28.3712 658.274 657.508 14.9854 0.482397 965 59.9269 631.3 691.227 140.245 -0.140861 -0.0367365 0.554605 0.0519436 114 3.75843 -3.76279 -0.00435486 10.0281 0.410945 0.538505 0.489004 0.201549 0.0212451 90 1.34548 6.08933e-05 1.34555 21.0642 21.2909 11.2099 1.18163 90 43.6152 0.000366211 43.6155
74 93.5413 97.6773 57.5191 5.56058 107 198.159 7.55322 205.712 288.108 282.322 59.5256 21398.4 0.499932 0.512368 0.168821 0.0057668 857 0.768808 0.0413785 0.810187 728.646 736.247 27.4888 0.939001 857 110.609 667.894 778.503 263.417 -0.037526 -0.0369755 0.0200918 0.00204001 97 0.0816907 -0.0818694 -0.000178724 5.85038 0.365204 0.485389 0.459449 0.136479 0.0131939 107 0.673917 0.282203 0.95612 40.994 39.1784 21.8807 2.11529 107 84.7412 2.69299 87.4342
76 80.2893 71.0371 43.3149 3.88979 124 180.262 12.8849 193.147 4.9969 4.9969 46.5995 48364.8 1.1209 0.614929 3.2597 0.074065 1937 39.4103 0.0491272 39.4594 770.669 769.766 38.488 0.874501 1937 165.96 694.614 860.575 280.933 -0.18165 -0.0478011 0.757533 0.0694429 119 4.82907 -4.83002 -0.000947874 24.3075 0.613166 0.728871 0.607513 1.02838 0.0923511 124 8.42696 0.302219 8.72918 59.0768 38.8335 104.895 9.41982 124 851.422 9.13708 860.559
77 93.9117 88.8434 50.0336 4.83693 107 161.819 17.5543 179.373 17.6505 17.4386 225.692 12759.1 0.423074 0.387898 0.191867 0.00848768 511 0.865411 0.0454558 0.910867 697.286 694.64 17.5803 0.777705 511 80.6466 668.053 748.7 291.788 -0.0371101 -0.0342062 0.0227753 0.00228901 99 0.0883314 -0.0884732 -0.000141796 5.80846 0.297465 0.366564 0.357148 0.11481 0.0110991 107 0.438725 0.210848 0.649573 33.5225 26.8806 21.0086 2.03097 107 71.1281 7.36566 78.4937
80 90.6161 88.5807 58.0244 4.22065 189 195.539 4.67322 200.212 4.9969 4.9969 51.4222 46117.6 0.917334 0.420363 3.18813 0.0741826 1847 33.3181 0.0265878 33.3447 741.318 745.631 28.2633 0.657641 1847 128.362 678.713 807.075 244.775 -0.116022 -0.0383474 0.648177 0.0491382 174 7.21881 -7.21933 -0.000522545 17.5225 0.31817 0.396921 0.354048 0.127792 0.00929552 189 0.679307 0.0454756 0.724783 34.5976 39.5684 20.6207 1.49993 189 85.4833 0.243958 85.7273
83 67.8313 73.5209 43.3405 5.59524 60 150.923 3.92716 154.851 4.9969 4.9969 93.0335 27865.3 1.30576 0.500668 3.78305 0.113243 1116 26.7372 0.0201501 26.7574 662.373 662.451 16.63 0.497805 1116 70.3173 631.3 701.618 78.6431 -0.257558 -0.0369354 0.782128 0.100972 60 3.9558 -3.96063 -0.00482797 29.1174 0.321117 0.389045 0.370518 0.158135 0.0204151 60 0.87371 -0.151129 0.722581 26.1381 33.0452 14.4572 1.86641 60 46.7355 -0.786316 45.9492
84 68.3072 62.1857 42.3637 4.95829 73 212.131 14.5631 226.694 4.9969 4.9969 63.6628 24993.9 1.12143 0.514111 3.40484 0.107617 1001 31.6733 0.00762463 31.6809 696.761 696.379 18.988 0.600152 1001 72.3991 660.311 732.71 345.884 -0.154996 -0.0515484 0.560324 0.0642736 76 4.30597 -4.31953 -0.0135627 17.6455 0.481339 0.634815 0.661882 0.119709 0.0140109 73 0.491325 0.384801 0.876126 39.4548 35.5026 15.5274 1.81735 73 81.6819 9.70428 91.3862
85 61.6744 52.5716 47.8564 4.52201 112 177.681 3.82848 181.51 4.99699 4.99699 63.5479 45143.8 1.63301 0.472083 4.88958 0.114993 1808 33.4316 0.0550748 33.4867 726.33 725.824 24.4941 0.576053 1808 100.407 679.132 779.54 301.842 -0.155384 -0.0523279 0.622412 0.0638581 95 4.16773 -4.16797 -0.000240239 15.972 0.320514 0.47484 0.34603 0.325322 0.0307401 112 2.23703 -0.102311 2.13472 23.721 23.7847 15.8971 1.50214 112 64.8386 -0.557495 64.2811
86 115.163 135.497 65.9951 6.29239 110 216.665 4.06017 220.725 34.9077 31.0763 199.582 21598.1 0.442185 0.423289 0.141797 0.00482125 865 0.797207 0.0258088 0.823016 677.308 674.655 23.5152 0.799542 865 96.0602 634.694 730.754 275.104 -0.0376617 -0.0335535 0.0213439 0.00221325 93 0.091885 -0.0921175 -0.000232422 7.22872 0.342231 0.415258 0.410147 0.109492 0.0104396 110 0.824368 0.0493145 0.873683 47.2947 54.3996 27.1698 2.59054 110 90.664 0.249634 90.9136
88 159.175 187.227 39.457 10.5453 14 110.502 102.222 212.724 4.9969 4.9969 92.1626 29288.6 1.21561 0.478613 3.65219 0.106636 1173 27.4013 0.0452708 27.4466 640.607 639.996 20.135 0.587898 1173 76.1055 604.064 680.169 207.637 -0.553389 -0.00931968 1.21153 0.29384 17 3.6571 -3.65928 -0.00217755 146.81 0.253298 0.309101 0.303188 0.0392419 0.0104878 14 0.170693 0.240878 0.411571 48.3826 55.4998 10.4421 2.79078 14 28.8612 35.0549 63.9161
89 58.1869 48.2186 26.8779 4.67885 33 92.1713 21.4861 113.657 35.5033 36.2485 52.0197 21373.4 0.446693 0.457202 0.200258 0.00684468 856 0.86638 0.0222256 0.888605 649.073 648.409 12.9744 0.443455 856 60.8427 623.905 684.747 302.985 -0.0389103 -0.0352025 0.0224579 0.00238054 89 0.1116 -0.114579 -0.0029789 3.77345 0.378711 0.488811 0.527622 0.114652 0.0199584 33 0.39244 0.298543 0.690983 26.4432 27.6949 7.70753 1.34171 33 27.6765 9.71002 37.3865
91 70.0749 48.9047 58.0968 5.03763 133 201.121 5.1 206.221 4.99688 4.99688 56.8797 54682 1.2841 0.472586 3.86019 0.0824873 2190 31.1655 5.46912e-05 31.1655 671.023 666.974 22.2258 0.474936 2190 98.897 634.443 733.34 282.927 -0.0957294 -0.0343171 0.347702 0.0298152 136 2.29808 -2.30094 -0.00285212 11.1804 0.365802 0.487636 0.444042 0.160509 0.0139179 133 1.06633 -0.0487195 1.01761 30.7603 21.9534 23.0394 1.99777 133 82.1182 -0.249634 81.8686
92 40.4557 25.4469 45.0033 8.08282 31 163.52 17.1127 180.632 144.021 145.26 42.2845 31161.2 1.38369 0.281386 4.27266 0.120946 1248 27.3469 0.00641471 27.3533 634.593 633.208 9.76943 0.276543 1248 54.0903 617.538 671.628 240.866 -0.165948 -0.0375078 0.640385 0.0855751 56 3.50125 -3.51303 -0.0117836 11.1893 0.290834 0.43322 0.455659 0.0991709 0.0178116 31 0.377885 0.199545 0.577431 14.119 12.0491 7.52331 1.35123 31 29.5062 6.53815 36.0444
93 47.1665 38.2158 40.3561 4.78938 71 166.592 3.58154 170.174 4.9969 4.9969 60.542 15505.7 1.92861 0.380841 5.07518 0.204154 618 30.0397 0.0098706 30.0496 641.312 640.91 10.2784 0.412457 621 45.2875 619.402 664.69 30.0911 -0.1356 -0.044833 0.523848 0.0670718 61 3.67866 -3.67872 -5.91832e-05 10.6596 0.299468 0.483845 0.381377 0.225418 0.0267522 71 1.14135 -0.00786829 1.13348 16.9498 14.4297 10.4846 1.24429 71 39.0124 -0.0619507 38.9504
95 49.1835 45.1939 30.0658 4.21006 51 120.766 3.98643 124.753 4.9969 4.9969 64.0448 21523.2 1.22088 0.509818 3.3784 0.116984 834 25.1998 0.0237722 25.2236 645.293 644.669 13.031 0.443837 862 53.5584 619.13 672.689 12.8118 -0.176224 -0.0449463 0.57992 0.0761472 58 3.60625 -3.60924 -0.00298603 14.4455 0.37485 0.518718 0.437831 0.218181 0.0305514 51 1.02341 -0.0156966 1.00771 22.1237 24.1624 9.57619 1.34093 51 39.2753 -0.065918 39.2094
