BasinID HFR_mean HFR_median HFR_stddev HFR_stderr HFR_Nvalues HFR_range HFR_min HFR_max SA_binned_LH SA_Spline_LH LH_Density Area Basin_Slope_mean Basin_Slope_median Basin_Slope_stddev Basin_Slope_stderr Basin_Slope_Nvalues Basin_Slope_range Basin_Slope_min Basin_Slope_max Basin_elev_mean Basin_elev_median Basin_elev_stddev Basin_elev_stderr Basin_elev_Nvalues Basin_elev_Range Basin_elev_min Basin_elev_max Aspect_mean CHT_mean CHT_median CHT_stddev CHT_stderr CHT_Nvalues CHT_range CHT_min CHT_max EStar RStar HT_Slope_mean HT_Slope_median HT_Slope_stddev HT_Slope_stderr HT_Slope_Nvalues HT_Slope_range HT_Slope_min HT_Slope_max HT_relief_mean HT_relief_median HT_relief_stddev HT_relief_stderr HT_relief_Nvalues HT_relief_range HT_relief_min HT_relief_max
71 174.592 170.833 94.487 1.39709 4574 490.852 3.53857 494.391 4.99694 4.99694 79.7654 2.36221e+06 0.495967 0.403401 1.09731 0.00356756 94606 26.1607 0.000467612 26.1612 558.045 519.807 145.045 0.471566 94606 678.877 340.191 1019.07 79.15 -0.036513 -0.017083 0.19437 0.00310131 3928 4.97152 -4.97155 -2.80483e-05 10.6248 0.344541 0.407696 0.39343 0.14992 0.00221673 4574 1.60591 -0.0375808 1.56833 72.1849 66.5585 44.9473 0.664592 4574 218.841 -0.146027 218.695
120 136.806 117.54 99.6154 2.16147 2124 441.51 3.53724 445.047 4.99693 4.99693 64.6827 803400 0.364665 0.306267 1.02124 0.00569325 32176 33.8313 0.00179685 33.8331 699.606 698.883 45.9847 0.256358 32176 194.141 623.353 817.494 197.929 -0.0348568 -0.0184133 0.253383 0.00547608 2141 6.32301 -6.32304 -3.30021e-05 7.94768 0.248824 0.331213 0.302426 0.131884 0.00286164 2124 1.79473 -0.0610686 1.73366 40.8488 37.0804 28.1182 0.610113 2124 134.935 -0.269775 134.666
251 101.924 78.4633 77.4024 1.9952 1505 322.848 3.88844 326.737 35.4538 35.1338 57.268 514285 0.417343 0.427694 0.189665 0.00132156 20597 1.11745 5.25572e-05 1.11751 691.413 687.722 44.8436 0.312463 20597 180.042 623.353 803.395 95.6416 -0.035759 -0.0337995 0.0199371 0.000456429 1908 0.101065 -0.1012 -0.000135217 6.07453 0.346474 0.429397 0.422305 0.131647 0.00339346 1505 1.36441 -0.0520064 1.31241 42.377 32.1636 32.2771 0.832006 1505 129.29 -0.269775 129.02
275 166.657 164.697 100.745 1.38974 5255 495.818 3.57301 499.391 28.268 29.3636 62.6541 2.10021e+06 0.431947 0.396994 0.224702 0.000774774 84113 2.31866 0.00376637 2.32242 832.053 830.526 82.1575 0.28328 84113 411.06 623.736 1034.8 285.239 -0.035511 -0.031606 0.0245042 0.000360942 4609 0.208953 -0.208977 -2.39106e-05 9.86356 0.317875 0.387201 0.372338 0.140114 0.00193284 5255 1.34731 0.000380408 1.34769 63.5711 58.2774 43.6299 0.601863 5255 214.329 0.00231934 214.331
337 135.298 130.716 86.7816 1.09456 6286 476.773 3.53511 480.308 35.5138 35.4388 59.4088 3.15857e+06 0.422536 0.421278 0.214425 0.000602879 126500 2.01565 5.09529e-05 2.0157 726.389 708.423 79.3121 0.222995 126500 503.773 517.061 1020.83 136.709 -0.0374293 -0.0345437 0.0220676 0.000262024 7093 0.156295 -0.156329 -3.40482e-05 8.4402 0.333231 0.416336 0.397959 0.161731 0.00203989 6286 1.79349 -0.195536 1.59795 54.1027 45.4837 41.1338 0.518814 6286 228.388 -0.698181 227.69
394 132.285 109.192 104.239 1.95807 2834 432.129 3.53522 435.664 28.2268 19.4674 50.0422 693287 0.283 0.272969 0.110648 0.000664029 27766 0.915624 0.00215708 0.917781 803.012 806.82 72.0489 0.432385 27766 333.887 610.856 944.744 31.8372 -0.019542 -0.017867 0.0128356 0.000254684 2540 0.108814 -0.108882 -6.74594e-05 4.30853 0.198824 0.259304 0.243719 0.0884028 0.0016606 2834 1.09544 0.0048907 1.10033 31.5617 27.2516 24.0014 0.450854 2834 101.651 0.0294189 101.68
415 142.209 133.055 95.7916 1.45692 4323 539.99 3.53807 543.528 17.9268 18.5334 69.8628 1.6255e+06 0.559661 0.52827 0.422368 0.00165538 65101 9.73457 5.20812e-05 9.73463 677.015 668.538 186.024 0.729082 65101 687.067 340.191 1027.26 20.3923 -0.0583287 -0.0387366 0.130405 0.00206992 3969 1.8201 -1.8202 -0.000105029 13.8248 0.422944 0.552797 0.529617 0.213768 0.00325125 4323 2.72046 -0.0904618 2.63 72.1758 63.0888 50.7982 0.772602 4323 284.149 -0.68927 283.46
532 167.944 165.981 95.3682 1.00421 9019 555.675 3.53525 559.211 22.4299 21.1093 70.4787 4.44714e+06 0.489493 0.479838 0.21365 0.000506247 178107 2.14512 0.00185583 2.14698 723.43 725.478 127.634 0.30243 178107 687.296 333.209 1020.51 94.1317 -0.0414202 -0.038546 0.0246273 0.000268673 8402 0.219105 -0.219128 -2.38055e-05 11.5938 0.354017 0.450505 0.435017 0.15309 0.00161201 9019 1.80701 -0.138807 1.6682 71.3461 65.2172 43.1498 0.45436 9019 404.938 -0.676086 404.262
543 152.707 123.108 124.125 3.05206 1654 533.127 3.53464 536.661 22.4246 22.4731 63.3387 384322 0.333738 0.299262 0.154908 0.00124861 15392 0.959457 0.00493528 0.964392 845.443 832.068 83.2748 0.671222 15392 383.962 671.773 1055.73 340.711 -0.0248118 -0.0197046 0.0191059 0.000522323 1338 0.10952 -0.10954 -1.98057e-05 6.3149 0.235627 0.310537 0.281569 0.119535 0.00293918 1654 1.12431 0.0235735 1.14789 43.1783 33.0109 35.1456 0.864177 1654 186.681 0.122009 186.803
563 151.755 147.852 111.32 2.60367 1828 541.373 3.54369 544.916 68424.5 73876.4 51.9426 463973 0.311638 0.276332 0.155238 0.00113881 18582 1.27825 0.00257759 1.28083 874.22 880.078 86.4851 0.634447 18582 394.556 672.032 1066.59 2.30638 -0.0266363 -0.0224324 0.0200167 0.000499949 1603 0.125595 -0.125635 -4.01551e-05 6.737 0.229118 0.295173 0.273305 0.125443 0.00293398 1828 1.41418 -0.165878 1.2483 41.7239 33.6804 33.8934 0.792733 1828 182.308 -1.0755 181.233
578 129.372 92.4391 117.067 2.58496 2051 565.902 3.65337 569.555 22.42 23.7934 54.1396 619105 0.379028 0.366589 0.168189 0.00106811 24795 1.02851 0.00250043 1.03101 703.545 692.191 61.9497 0.393421 24795 302.636 598.674 901.31 233.581 -0.0308926 -0.0269114 0.0200709 0.000457577 1924 0.117673 -0.117681 -8.11229e-06 6.66107 0.254946 0.346912 0.307867 0.152445 0.00336612 2051 1.34709 -0.071201 1.27589 39.5795 29.1605 34.4323 0.760297 2051 172.719 -0.450928 172.268
591 177.656 189.453 96.1278 2.58674 1381 435.474 3.5368 439.01 44.8512 41.1161 109.855 565097 0.734904 0.723175 0.245277 0.00163041 22632 1.76252 0.00364633 1.76617 453.986 445.669 112.395 0.747111 22632 520.995 242.174 763.169 108.061 -0.0400478 -0.0343649 0.0294627 0.000859151 1176 0.159226 -0.15926 -3.42005e-05 11.8579 0.627271 0.744285 0.765412 0.177353 0.00477245 1381 1.63394 -0.131615 1.50232 133.726 141.182 74.2531 1.9981 1381 279.036 -0.547043 278.489
682 142.836 133.865 96.3183 1.36832 4955 553.89 3.54336 557.434 28.2688 27.1639 63.7518 2.19951e+06 0.459803 0.452537 0.207342 0.000698594 88090 1.56044 5.51517e-05 1.5605 709.619 668.795 119.894 0.403955 88090 521.042 507.02 1028.06 243.325 -0.0373713 -0.0339487 0.0234441 0.00032555 5186 0.161096 -0.161108 -1.17193e-05 8.89662 0.343796 0.430528 0.413954 0.180778 0.00256817 4955 3.88349 -0.280981 3.60251 58.9278 48.0259 45.0987 0.640682 4955 266.734 -1.43604 265.298
710 186.605 186.128 100.262 1.7802 3172 537.61 3.53843 541.149 22.5798 23.3306 79.4466 1.57926e+06 0.606105 0.576754 0.341644 0.00135846 63249 7.70283 6.44562e-05 7.70289 690.595 704.06 224.816 0.893922 63249 842.785 204.36 1047.15 71.6842 -0.0477167 -0.0307529 0.108066 0.00204923 2781 2.26235 -2.26237 -2.0768e-05 14.8403 0.437485 0.547627 0.519835 0.27466 0.00487673 3172 2.59245 -0.10457 2.48788 97.9643 86.3387 67.9724 1.20688 3172 332.961 -0.660522 332.3
798 124.213 108.436 91.1959 2.87383 1007 460.455 3.55144 464.006 44.7602 45.336 68.1557 357855 0.474774 0.477702 0.17597 0.00146989 14332 1.15533 0.00248339 1.15782 637.621 642.564 60.0939 0.501969 14332 256.51 491.313 747.823 219.092 -0.0350902 -0.0319355 0.0185 0.000523677 1248 0.119978 -0.120133 -0.000154756 7.26443 0.348094 0.446817 0.414801 0.128112 0.00403715 1007 0.986358 -0.0163231 0.970035 51.8854 47.9243 35.7593 1.12687 1007 157.658 -0.0845337 157.573
815 182.599 165.913 128.432 1.8023 5078 662.026 3.5425 665.569 70.92 82.9688 64.4337 1.94443e+06 0.458258 0.382839 0.635664 0.00227788 77874 20.4409 5.22187e-05 20.4409 644.86 645.934 225.603 0.80844 77874 847.587 176.042 1023.63 204.691 -0.0314113 -0.0216126 0.100081 0.0015653 4088 3.6428 -3.6428 -1.57702e-06 9.55943 0.304981 0.381978 0.327562 0.203162 0.002851 5078 2.52836 -0.136641 2.39172 66.827 54.1909 54.8697 0.769993 5078 286.129 -0.662659 285.467
839 144.116 146.222 97.9291 3.21468 928 337.663 3.54015 341.203 35.6171 36.8348 84.0417 227866 0.548258 0.575532 0.20465 0.00214226 9126 1.11274 0.0122213 1.12496 605.365 599.564 46.5354 0.487128 9126 188.749 517.655 706.404 89.8528 -0.0417455 -0.0398064 0.0235035 0.000823291 815 0.15393 -0.15395 -2.00017e-05 10.027 0.35401 0.438499 0.41811 0.174142 0.00571648 928 1.29994 -0.0369252 1.26302 61.2221 61.2053 41.9498 1.37707 928 146.3 -0.190552 146.11
857 154.067 147.825 94.6414 2.08824 2054 534.122 3.56817 537.69 56.5344 56.0856 75.9101 935087 0.530893 0.519984 0.212315 0.00109712 37450 2.23031 0.011431 2.24174 519.703 480.352 172.951 0.89371 37450 816.075 190.411 1006.49 63.288 -0.0338796 -0.0255609 0.0318 0.000780264 1661 0.211334 -0.211383 -4.84684e-05 8.69955 0.435116 0.531545 0.52151 0.16783 0.00370313 2054 1.43597 -0.0451862 1.39078 80.4444 79.1297 48.701 1.07458 2054 230.069 -0.281494 229.787
867 184.592 169.996 138.37 2.38996 3352 658.989 3.53812 662.528 35.5427 35.7547 61.4519 953164 0.404463 0.359771 0.194335 0.000994641 38174 1.60304 0.00383508 1.60687 840.19 848.016 107.331 0.549341 38174 500.677 564.3 1064.98 170.918 -0.0214592 -0.0168071 0.0187851 0.000370478 2571 0.159642 -0.159656 -1.40169e-05 6.60199 0.273948 0.335231 0.295713 0.139731 0.00241346 3352 1.27177 0.0392907 1.31106 60.6823 48.9192 52.7103 0.910424 3352 245.348 0.230347 245.578
930 134.1 110.433 91.6361 1.93143 2251 412.492 3.5432 416.035 28.2425 28.3435 64.7331 782701 0.429982 0.4104 0.224146 0.001266 31347 1.27346 0.00269947 1.27616 747.775 715.779 88.5001 0.499857 31347 384.223 632.273 1016.5 236.204 -0.0401032 -0.0358912 0.024856 0.000535187 2157 0.118924 -0.119065 -0.000141175 8.96307 0.348633 0.447815 0.439474 0.208246 0.00438923 2251 1.85629 -0.259322 1.59697 56.1021 45.3017 40.14 0.846037 2251 181.446 -2.11389 179.332
993 141.492 135.002 86.8512 1.88807 2116 511.644 3.5836 515.227 35.5158 34.9518 66.5705 748768 0.514515 0.512772 0.218491 0.00126171 29988 1.47125 0.00762463 1.47887 786.665 761.242 103.864 0.599781 29988 414.9 632.273 1047.17 251.303 -0.043836 -0.0415157 0.0241346 0.000523061 2129 0.137063 -0.137196 -0.000132638 10.3374 0.377955 0.493962 0.45614 0.190098 0.00413257 2116 2.23703 -0.102311 2.13472 64.1733 59.0203 39.4179 0.856911 2116 246.662 -0.557495 246.104
1034 175.206 114.176 167.471 4.27172 1537 625.142 3.53362 628.676 44.7683 43.0199 53.1711 322474 0.339689 0.312065 0.153253 0.00134854 12915 1.11157 0.00837868 1.11995 773.373 758.567 86.4024 0.760288 12915 457.444 564.223 1021.67 136.159 -0.020528 -0.0178237 0.014759 0.00039831 1373 0.103048 -0.103063 -1.50471e-05 5.99441 0.277053 0.333205 0.31904 0.111406 0.00284165 1537 1.40125 -0.0237119 1.37754 58.2498 32.1364 60.6664 1.54743 1537 235.514 -0.178284 235.336
1066 202.299 197.671 123.106 2.00206 3781 605.322 3.55007 608.872 89.0616 92.0151 82.4869 1.27162e+06 0.693196 0.66781 0.288484 0.00127833 50928 2.83194 0.00652959 2.83847 649.456 652.094 188.656 0.835973 50928 804.188 243.09 1047.28 163.296 -0.0389518 -0.0324606 0.0309611 0.000559608 3061 0.234263 -0.234278 -1.45487e-05 13.1332 0.522511 0.617841 0.61726 0.161058 0.00261927 3781 1.40976 -4.69028e-05 1.40971 126.844 120.873 84.6434 1.37654 3781 412.898 -0.000366211 412.898
1118 137.179 121.408 97.9809 1.84215 2829 555.575 3.53792 559.113 28.2912 26.5203 58.3971 878682 0.452859 0.434353 0.163265 0.000870315 35191 1.1584 0.0166889 1.17509 572.313 586.095 130.747 0.696972 35191 603.032 250.297 853.33 202.231 -0.0305606 -0.0282982 0.0184683 0.000369883 2493 0.111343 -0.111449 -0.000105435 6.98713 0.328845 0.435861 0.415675 0.154198 0.0028991 2829 1.42116 0.0236155 1.44478 54.1328 50.4971 35.7051 0.671296 2829 183.359 0.152161 183.511
1207 170.265 156.446 102.119 1.75651 3380 535.14 3.55915 538.699 5.69905 5.71277 72.9052 1.53514e+06 0.436185 0.388605 0.413063 0.00166587 61482 9.47277 4.97735e-05 9.47282 286.305 241.063 147.869 0.596353 61482 680.421 81.8595 762.281 162.132 -0.0239447 -0.0177943 0.0501482 0.00091254 3020 1.57111 -1.57112 -8.98587e-06 6.79492 0.397187 0.443852 0.454311 0.161 0.00276928 3380 1.28469 -0.112313 1.17237 81.1524 67.8287 62.4918 1.07489 3380 314.651 -0.507324 314.143
1222 170.066 138.977 140.508 2.63057 2853 599.767 3.5385 603.305 112.072 116.879 51.1439 720379 0.416306 0.372968 0.203629 0.00119884 28851 1.80396 0.00156094 1.80552 551.074 546.13 137.201 0.807752 28851 647.202 268.948 916.15 126.98 -0.0247637 -0.0198082 0.0208766 0.000430927 2347 0.157263 -0.157287 -2.35327e-05 7.01909 0.339425 0.402743 0.376651 0.155176 0.00290519 2853 1.53945 0.0303559 1.56981 69.2694 49.2017 70.0283 1.31106 2853 339.712 0.21756 339.93
1280 188.528 192.424 131.402 2.92874 2013 547.654 3.54698 551.201 28.3194 27.4609 57.0263 574286 0.655119 0.603189 0.312128 0.00205811 23000 2.40423 0.0438062 2.44803 564.223 554.101 163.298 1.07676 23000 656.776 269.16 925.936 180.606 -0.0317928 -0.0235021 0.0285432 0.000732599 1518 0.22616 -0.22617 -9.87668e-06 9.9897 0.532077 0.594175 0.564295 0.190761 0.00425176 2013 1.52617 0.0992936 1.62546 120.374 103.808 98.3261 2.19153 2013 402.24 0.445221 402.685
1290 163.084 160.651 101.108 1.83621 3032 500.68 3.55458 504.235 35.4876 35.0786 73.0716 1.08101e+06 0.546463 0.545132 0.182351 0.000876382 43294 1.39194 0.00573962 1.39768 508.654 500.054 139.747 0.671627 43294 588.533 243.437 831.969 132.816 -0.0429049 -0.0406331 0.0252482 0.000479378 2774 0.146445 -0.146447 -2.35764e-06 11.6618 0.423024 0.526101 0.521537 0.143396 0.00260419 3032 1.2364 -0.0184288 1.21797 82.786 81.5815 52.8398 0.959615 3032 260.562 -0.0708313 260.492
1305 138.91 134.993 86.8806 1.94758 1990 400.176 3.56468 403.741 17.8505 18.4675 58.5398 793413 0.516146 0.527604 0.210394 0.00118027 31776 1.44378 0.0051959 1.44898 338.514 332.82 149.763 0.840148 31776 613.606 50.2577 663.863 155.438 -0.0478025 -0.0464885 0.0262329 0.000586438 2001 0.167411 -0.167418 -7.5209e-06 11.0671 0.425497 0.546403 0.533154 0.175467 0.00393341 1990 2.09457 0.000350808 2.09492 70.927 69.9845 42.9636 0.963105 1990 204.544 0.00187683 204.546
1333 175.358 159.324 127.534 1.50541 7177 819.104 3.53512 822.639 22.4949 22.2773 60.1674 2.59307e+06 0.41251 0.408228 0.193951 0.000601844 103852 1.30053 5.33489e-05 1.30059 313.508 307.317 202.309 0.627781 103852 740.987 17.7556 758.743 210.641 -0.029154 -0.024681 0.0222731 0.000280392 6310 0.163377 -0.163398 -2.10144e-05 8.52066 0.311792 0.387492 0.376469 0.151812 0.00179199 7177 2.32109 9.54747e-05 2.32118 65.6103 53.4492 50.1745 0.592259 7177 264.066 0.000354767 264.066
1342 163.636 155.18 114.841 2.46302 2174 593.316 3.54657 596.863 28.2855 27.963 66.6206 892590 0.375904 0.360032 0.201892 0.00106781 35748 1.47725 0.0018308 1.47908 239.658 209.309 125.866 0.665709 35748 638.96 81.8915 720.851 169.971 -0.0293448 -0.0268338 0.0199896 0.000459198 1895 0.102484 -0.102503 -1.82926e-05 8.00308 0.373715 0.439307 0.440851 0.166563 0.00357231 2174 1.66465 -0.231847 1.4328 73.3837 61.6499 63.8649 1.36972 2174 341.414 -1.05045 340.364
1356 142.134 120.856 107.109 3.41799 982 384.542 3.5819 388.124 44.7073 41.3053 62.2283 250438 0.577985 0.589959 0.21536 0.00215038 10030 1.72361 0.00728747 1.7309 475.888 478.208 101.7 1.01548 10030 392.035 282.306 674.341 262.6 -0.0368632 -0.0332025 0.0249076 0.000894132 776 0.115237 -0.115314 -7.74302e-05 8.73249 0.484979 0.5688 0.574194 0.14924 0.00476244 982 1.23643 0.0863868 1.32282 82.7181 67.5637 67.3794 2.15016 982 240.416 0.484406 240.901
1416 164.723 143.724 113.89 1.62867 4890 524.636 3.53582 528.172 17.853 18.8957 63.0003 1.62116e+06 0.466157 0.457591 0.184591 0.000724431 64927 1.40775 0.00286968 1.41061 338.671 337.034 154.868 0.607785 64927 676.568 52.951 729.519 164.007 -0.0319829 -0.0293451 0.0210542 0.00031904 4355 0.14112 -0.141173 -5.29565e-05 8.7805 0.367553 0.470668 0.452755 0.151729 0.00216978 4890 1.51233 0.00429579 1.51662 72.6532 63.703 48.8147 0.698065 4890 212.347 0.033802 212.381
1521 159.131 162.818 83.2883 0.987338 7116 647.826 3.53725 651.363 28.2665 26.2015 72.1406 3.68739e+06 0.394473 0.398829 0.15792 0.00041094 147679 1.21557 4.89018e-05 1.21562 317.206 346.269 146.819 0.382052 147679 587.435 19.0394 606.475 136.061 -0.0288773 -0.0275047 0.0164216 0.000201618 6634 0.13954 -0.139545 -5.57629e-06 7.65879 0.282461 0.361324 0.351062 0.114325 0.00135526 7116 2.40799 -0.0958208 2.31217 53.9379 53.5094 26.7012 0.316529 7116 172.321 -0.341278 171.98
1662 167.564 153.047 112.026 1.4628 5865 678.46 3.54568 682.006 17.932 19.2349 72.59 2.98381e+06 0.315919 0.327258 0.202004 0.000584353 119501 1.05864 6.06232e-05 1.0587 237.458 213.409 122.533 0.354459 119501 479.895 88.3668 568.262 217.999 -0.0229263 -0.0198768 0.0185736 0.000257719 5194 0.14348 -0.143482 -1.75302e-06 6.40273 0.244868 0.310896 0.323261 0.182841 0.00238748 5865 1.7346 -0.148188 1.58641 49.2373 43.5942 42.6788 0.557285 5865 205.404 -0.924667 204.48
1743 201.148 195.053 135.12 2.8684 2219 765.606 3.54658 769.153 7.10085 7.2555 65.9381 989319 0.134946 0.0364632 0.21921 0.00110127 39622 4.56693 4.6457e-05 4.56698 133.084 108.143 63.3389 0.318202 39622 301.756 88.2053 389.961 192.285 -0.0115036 -0.00540477 0.0143352 0.000360755 1579 0.134089 -0.13409 -1.10297e-06 3.85655 0.140908 0.181803 0.0878586 0.172591 0.00366388 2219 0.767486 -9.44159e-05 0.767391 34.012 14.7008 40.3958 0.857546 2219 241.693 -0.000350952 241.693
1748 145.408 143.924 86.9402 2.11047 1697 377.389 3.55269 380.941 22.4733 24.1439 67.2964 569067 0.397156 0.413503 0.162197 0.00107439 22791 0.928097 0.00306357 0.93116 149.565 137.885 64.228 0.425444 22791 295.738 53.3276 349.066 230.243 -0.0286342 -0.0262104 0.0193445 0.000519047 1389 0.114015 -0.114049 -3.44221e-05 6.93939 0.300156 0.359559 0.376255 0.130487 0.00316757 1697 1.10875 -0.117404 0.991342 52.374 53.5882 34.7728 0.844109 1697 162.693 -0.427811 162.265
1768 153.84 142.883 110.129 2.05679 2867 522.424 3.54736 525.972 28.3225 29.608 63.0417 894986 0.364515 0.391733 0.18654 0.000985288 35844 1.13086 0.00277857 1.13364 147.353 118.977 87.2058 0.460614 35844 378.564 37.3182 415.882 169.392 -0.0234093 -0.0197851 0.0183301 0.000368449 2475 0.106938 -0.106948 -9.84484e-06 6.00215 0.315104 0.360569 0.392667 0.167312 0.00312474 2867 1.28069 -0.125475 1.15521 58.1709 54.4747 47.2468 0.882385 2867 211.82 -0.56348 211.257
1856 213.593 206.141 133.576 3.07579 1886 637.963 3.54474 641.508 28.4089 26.5031 92.393 801103 0.430111 0.443018 0.152494 0.000851353 32084 1.03811 0.000471981 1.03858 235.841 252.349 90.4834 0.505155 32084 376.52 25.8075 402.328 63.614 -0.0248412 -0.0224644 0.0175321 0.000449985 1518 0.0946193 -0.094659 -3.97295e-05 8.84317 0.326727 0.409555 0.402326 0.113657 0.00261713 1886 1.5952 -0.0636938 1.5315 83.7438 79.3916 52.5763 1.21065 1886 231.981 -0.25589 231.725
1879 150.883 127.145 111.079 2.78744 1588 473.116 3.63654 476.753 44.8729 49.6728 55.1422 393710 0.262446 0.242894 0.183092 0.00145808 15768 0.835611 7.08995e-05 0.835681 108.641 81.4586 66.8675 0.532509 15768 295.954 36.9068 332.861 180.76 -0.0158092 -0.0116583 0.0141283 0.000390948 1306 0.0685208 -0.0685217 -9.03034e-07 3.97558 0.273442 0.281024 0.331023 0.169022 0.00424149 1588 0.953499 -0.0856083 0.867891 49.5093 33.3432 49.0458 1.23077 1588 189.199 -0.524677 188.674
1883 177.254 144.906 144.999 3.23501 2009 647.05 3.5597 650.609 22.52 22.52 57.853 492138 0.253917 0.248486 0.0928377 0.000661273 19710 0.734511 0.00614032 0.740651 364.226 362.742 59.4675 0.423581 19710 254.224 234.582 488.806 205.187 -0.0155775 -0.013662 0.0110298 0.000286127 1486 0.0671375 -0.0671483 -1.08238e-05 4.60196 0.187746 0.262555 0.235795 0.10302 0.00229843 2009 1.46156 -0.109056 1.3525 39.9344 33.0723 29.5169 0.658537 2009 137.863 -0.466034 137.397
1921 142.915 120.217 104.277 2.54636 1677 608.041 3.54723 611.588 28.3438 28.9731 58.9666 438305 0.283869 0.262578 0.137639 0.00103885 17554 0.876901 0.00122118 0.878122 358.752 356.267 52.128 0.393444 17554 246.492 234.515 481.007 212.762 -0.0190601 -0.0168909 0.0136719 0.00036737 1385 0.128542 -0.128558 -1.63445e-05 4.53995 0.214393 0.276051 0.245781 0.107741 0.00263097 1677 0.903474 -0.142174 0.7613 36.768 29.56 27.1368 0.662662 1677 150.554 -0.865906 149.688
1946 134.553 138.808 71.3575 1.64969 1871 330.727 3.55324 334.28 22.4886 21.539 70.3381 878207 0.346325 0.365358 0.167347 0.00089232 35172 0.947499 0.0017258 0.949225 120.879 119.474 36.2321 0.193194 35172 175.549 54.5399 230.089 72.6468 -0.0329957 -0.0343532 0.0168462 0.000408581 1700 0.0936708 -0.0937036 -3.27311e-05 7.39945 0.291753 0.339752 0.367776 0.123308 0.00285072 1871 0.770267 -8.26735e-05 0.770184 47.1076 48.9051 28.2581 0.65329 1871 127.862 -0.000350952 127.861
1984 155.671 148.727 95.1429 1.34057 5037 478.231 3.53891 481.77 28.283 29.5335 68.0249 2.47714e+06 0.302986 0.309512 0.189266 0.000600894 99209 1.22659 0.000694193 1.22729 178.525 133.09 99.8571 0.317032 99209 396.63 37.1893 433.819 169.427 -0.0205721 -0.0159714 0.0181114 0.000262539 4759 0.107549 -0.107559 -1.03237e-05 5.33745 0.232536 0.292125 0.320765 0.185716 0.00261676 5037 1.41324 -0.19701 1.21623 43.4389 36.158 37.9705 0.535008 5037 178.574 -1.175 177.399
2012 174.191 180.184 110.7 2.41109 2108 526.977 3.53784 530.515 35.6133 32.1848 77.4015 927946 0.383553 0.404675 0.174284 0.000904058 37164 0.960885 0.00276137 0.963647 143.059 120.371 97.4479 0.505489 37164 350.262 13.5954 363.857 128.722 -0.026963 -0.0277593 0.0155208 0.000352746 1936 0.08335 -0.0833606 -1.06018e-05 7.82787 0.281247 0.336091 0.353379 0.122162 0.00266073 2108 0.836391 -0.0508595 0.785532 58.7889 56.8789 40.1116 0.873644 2108 172.755 -0.427523 172.328
2025 138.416 149.696 96.6874 2.94894 1075 472.948 3.54717 476.495 28.3323 25.9222 62.5006 508293 0.244135 0.223959 0.20447 0.00143308 20357 0.908172 5.35559e-05 0.908225 43.8744 34.7039 27.0892 0.189863 20357 132.322 12.4841 144.806 261.432 -0.0241493 -0.0178515 0.0213383 0.0007016 925 0.111641 -0.111647 -5.69876e-06 5.57107 0.217402 0.21237 0.244332 0.122739 0.00374349 1075 0.478365 -0.00880466 0.469561 36.1103 36.4853 31.1249 0.949301 1075 104.604 -0.0677032 104.536
2036 146.252 122.316 119.183 2.24594 2816 512.406 3.56114 515.967 28.3011 31.2432 55.7091 886772 0.294878 0.302575 0.241077 0.00127924 35515 0.907842 4.08295e-05 0.907883 112.308 75.6121 98.652 0.52348 35515 342.031 11.6948 353.725 145.547 -0.019057 -0.015289 0.0157025 0.000319928 2409 0.0748777 -0.0748848 -7.09388e-06 4.64522 0.285048 0.320181 0.367566 0.19561 0.00368616 2816 1.07578 -0.0876284 0.988148 50.0268 32.1164 49.1444 0.9261 2816 215.897 -0.318535 215.579
2052 139.827 133.989 92.0347 1.67308 3026 416.742 3.54163 420.283 35.5521 37.2532 63.5095 1.19521e+06 0.234548 0.206859 0.185198 0.000846475 47868 0.8901 5.36997e-05 0.890154 54.9352 45.4355 33.5582 0.153382 47868 142.005 11.9876 153.993 174.981 -0.0198782 -0.0144062 0.0183099 0.000359848 2589 0.0753579 -0.0753675 -9.61726e-06 4.63253 0.178773 0.197233 0.156631 0.159462 0.00289883 3026 0.677874 -0.0347238 0.643151 29.9968 20.8977 28.8922 0.525227 3026 108.339 -0.168007 108.171
2104 150.068 140.724 102.99 1.51423 4626 526.711 3.56025 530.271 22.5023 19.8287 62.9491 1.43314e+06 0.283955 0.291176 0.175303 0.00073172 57397 0.826584 0.000423001 0.827007 82.4956 68.3269 50.0449 0.208889 57397 215.164 14.8877 230.052 236.456 -0.0237597 -0.0209573 0.0175531 0.000274502 4089 0.0807832 -0.0807924 -9.2113e-06 5.9426 0.24545 0.273054 0.282837 0.132407 0.00194675 4626 1.29027 -0.105669 1.1846 44.2009 37.3308 36.7665 0.540567 4626 169.364 -0.574425 168.789
2116 138.509 132.66 75.8607 1.75898 1860 362.64 3.69808 366.338 28.3381 29.1833 74.4585 822102 0.394321 0.39838 0.165186 0.000910355 32925 1.05527 0.00117198 1.05644 156.237 143.888 75.6668 0.417006 32925 330.809 37.3904 368.2 177.692 -0.0280012 -0.0274978 0.0163598 0.000403976 1640 0.0836961 -0.0838348 -0.00013872 6.46403 0.292918 0.367986 0.376821 0.150297 0.00348493 1860 1.16322 -0.000410808 1.16281 48.6861 44.9375 29.4895 0.683772 1860 131.953 -0.00192642 131.951
2142 106.658 58.8834 116.504 2.40739 2342 555.723 3.53796 559.261 28.3318 26.8617 49.8618 1.27781e+06 0.141153 0.0258689 0.186691 0.000825259 51176 0.874825 6.39579e-06 0.874831 32.5279 27.3817 20.418 0.0902567 51176 117.392 10.6035 127.996 183.174 -0.0174187 -0.0126883 0.0150171 0.00030216 2470 0.0788259 -0.078826 -2.027e-08 3.0964 0.133224 0.141867 0.0795528 0.138451 0.0028609 2342 0.621748 -0.0716104 0.550138 17.0513 4.51323 22.8897 0.472985 2342 91.699 -0.424524 91.2745
2156 155.575 137.304 111.952 2.3994 2177 550.54 3.56317 554.103 35.6131 36.0284 56.1476 642226 0.187145 0.0719784 0.198507 0.00123775 25721 0.751047 0.000321938 0.751369 139.231 115.271 50.522 0.315019 25721 223.217 95.3698 318.587 208.663 -0.0119611 -0.00566626 0.0130127 0.000300837 1871 0.062811 -0.0628134 -2.33145e-06 3.1014 0.159504 0.177453 0.0867403 0.174376 0.00373729 2177 0.685614 -0.0672503 0.618364 29.7778 9.91701 38.1433 0.817503 2177 174.661 -0.512871 174.149
2190 149.743 140.91 103.681 2.72092 1452 434.878 3.55023 438.428 89.2768 92.8928 65.5945 366319 0.11373 0.0612316 0.126706 0.00104609 14671 0.691011 0.000387933 0.691399 109.034 103.596 15.1745 0.125281 14671 83.7899 94.4405 178.23 224.585 -0.00877496 -0.00483199 0.0108762 0.00031555 1188 0.0591554 -0.0591618 -6.3827e-06 2.18998 0.0760343 0.0822125 0.0677039 0.0562528 0.00147625 1452 0.438346 -0.0360473 0.402299 13.6627 7.59583 16.8247 0.441535 1452 77.0668 -0.270767 76.7961
2297 133.742 140.17 67.8002 2.4907 741 355.542 3.54831 359.091 4.9969 4.9969 94.5835 553436 0.300662 0.30522 0.286935 0.0019273 22165 7.00163 0.00136076 7.00299 136.657 136.023 27.1093 0.182089 22165 130.624 88.3242 218.948 350.191 -0.0201432 -0.0170179 0.0140729 0.000559349 633 0.0679337 -0.0679564 -2.27295e-05 4.49 0.226863 0.258319 0.265948 0.0861683 0.00316547 741 0.491212 0 0.491212 36.4095 39.4637 19.0701 0.700558 741 102.435 0 102.435
2319 136.854 150.28 94.3628 1.90759 2447 416.227 3.53623 419.764 35.5555 32.7157 55.7814 1.17821e+06 0.266905 0.261021 0.185543 0.000854149 47187 1.02976 4.99661e-05 1.02981 54.7013 48.2751 35.0397 0.161306 47187 172.409 5.7141 178.123 190.766 -0.0255037 -0.023805 0.0164347 0.000337233 2375 0.100327 -0.100344 -1.6944e-05 5.81713 0.246174 0.266735 0.29566 0.131636 0.00266107 2447 1.10576 -0.0284786 1.07728 40.4278 37.3812 32.1549 0.650024 2447 122.341 -0.42836 121.913
2377 154.489 124.915 129.532 2.02393 4096 562.205 3.53392 565.739 56.3312 57.0389 55.9057 1.52952e+06 0.151933 0.0412862 0.288414 0.0011653 61257 7.21726 3.38676e-05 7.2173 122.438 104.605 36.3434 0.146841 61257 186.149 95.3699 281.519 28.5629 -0.0089883 -0.00342209 0.0409573 0.000682243 3604 1.41717 -1.41717 -1.90399e-06 2.31433 0.120627 0.121853 0.0427786 0.138923 0.00217067 4096 1.04009 -0.0741276 0.965963 22.3627 4.70125 31.4382 0.491223 4096 126.739 -0.439621 126.3
2391 170.8 172.038 99.9879 2.47129 1637 578.454 3.58835 582.042 11.2192 11.7989 95.4251 1.52465e+06 0.247227 0.241021 0.258291 0.00104526 61062 4.6377 1.96885e-05 4.63772 137.567 122.722 38.7353 0.156755 61062 190.97 91.434 282.404 311.905 -0.0188589 -0.0127637 0.0509674 0.00142793 1274 0.856936 -0.856937 -6.66885e-07 5.3685 0.208064 0.217828 0.257046 0.168027 0.00415293 1637 0.530472 -6.87069e-05 0.530403 42.6448 38.2032 39.2789 0.970812 1637 154.204 -0.000350952 154.204
2434 121.242 93.2905 106.703 1.65575 4153 464.36 3.53793 467.898 35.6295 36.0255 47.5294 1.35272e+06 0.115507 0.0415201 0.195089 0.000838163 54176 4.11668 2.6832e-05 4.1167 25.7728 17.7113 21.4189 0.0920223 54176 142.215 7.63243 149.847 79.1928 -0.0114319 -0.00440353 0.0276856 0.000449712 3790 0.70788 -0.707884 -3.58152e-06 2.31004 0.0862085 0.110585 0.0529957 0.144646 0.00224453 4153 1.70755 -0.0731976 1.63436 12.5425 4.57167 19.8427 0.307908 4153 111.947 -0.293553 111.653
2439 131.843 94.4623 115.822 2.38974 2349 478.355 3.54008 481.895 28.3529 29.4863 46.8115 1.11519e+06 0.081233 0.0314773 0.107136 0.000506945 44663 0.647249 3.49021e-05 0.647284 13.3836 9.4916 10.6894 0.0505801 44663 60.2588 4.39477 64.6536 182.607 -0.00864671 -0.00367022 0.0113388 0.000212881 2837 0.0978364 -0.0978369 -5.1881e-07 1.90001 0.0639092 0.0601863 0.0376341 0.0595312 0.0012283 2349 0.659064 -0.238369 0.420695 10.1112 3.6145 13.8553 0.285873 2349 57.8228 -0.996186 56.8266
2453 32.6851 20.6265 34.4528 1.49092 534 174.233 3.60963 177.842 28.4624 27.121 56.1231 645772 0.0242811 0.011418 0.0455122 0.000283001 25863 0.412877 2.61738e-05 0.412903 9.11762 8.55828 2.15855 0.0134222 25863 13.8329 5.16503 18.9979 152.254 -0.00372357 -0.00209705 0.0054443 0.00014377 1434 0.0634966 -0.0634978 -1.17591e-06 0.202842 0.0174314 0.0275934 0.013561 0.0426165 0.0018442 534 0.38855 -0.0483202 0.34023 0.683697 0.279756 1.25004 0.0540946 534 8.56925 -0.263856 8.3054
2470 113.431 89.6615 84.6347 2.03895 1723 416.696 3.56596 420.262 56835.8 57488 62.336 949644 0.232866 0.198924 0.239253 0.00122681 38033 5.33587 0.00130484 5.33717 91.945 94.2631 23.6306 0.12117 38033 127.69 25.0991 152.79 24.0761 -0.0139183 -0.00810973 0.0324635 0.000772721 1765 1.10177 -1.10177 -1.2574e-06 2.63127 0.130705 0.185654 0.156784 0.130977 0.00315539 1723 1.2319 -0.249335 0.982567 17.7912 13.118 15.6126 0.376125 1723 110.861 -0.999802 109.861
2573 124.895 108.053 81.1588 2.23637 1317 422.259 3.58857 425.847 2266.99 2250.74 65.9338 823650 0.317608 0.295903 0.244293 0.00134505 32987 4.7286 2.98604e-05 4.72863 84.4266 86.7956 25.5409 0.140626 32987 128.661 24.2532 152.915 13.8831 -0.0252147 -0.0211165 0.0434463 0.0011481 1432 1.03017 -1.03023 -5.55876e-05 5.24865 0.189483 0.24805 0.229825 0.13648 0.00376077 1317 1.36381 -0.187309 1.1765 28.3986 23.0502 22.0787 0.608389 1317 112.467 -0.925137 111.542
2589 106.992 84.3212 99.4701 3.74892 704 356.426 3.54809 359.974 2.29633e+06 2.8267e+06 53.443 501451 0.0340269 0.0158585 0.0634742 0.000447902 20083 0.690233 4.3877e-05 0.690277 9.84651 9.57752 1.99161 0.0140537 20083 15.8624 4.262 20.1244 73.8582 -0.00613961 -0.00183315 0.0134029 0.000382628 1227 0.121324 -0.121328 -4.0147e-06 1.09482 0.0109847 0.0341874 0.0111144 0.0769522 0.00290024 704 1.17017 -0.0613627 1.10881 1.41033 0.73996 1.78033 0.0670989 704 10.7085 -0.33706 10.3714
