BasinID HFR_mean HFR_median HFR_stddev HFR_stderr HFR_Nvalues HFR_range HFR_min HFR_max SA_binned_LH SA_Spline_LH LH_Density Area Basin_Slope_mean Basin_Slope_median Basin_Slope_stddev Basin_Slope_stderr Basin_Slope_Nvalues Basin_Slope_range Basin_Slope_min Basin_Slope_max Basin_elev_mean Basin_elev_median Basin_elev_stddev Basin_elev_stderr Basin_elev_Nvalues Basin_elev_Range Basin_elev_min Basin_elev_max Aspect_mean CHT_mean CHT_median CHT_stddev CHT_stderr CHT_Nvalues CHT_range CHT_min CHT_max EStar RStar HT_Slope_mean HT_Slope_median HT_Slope_stddev HT_Slope_stderr HT_Slope_Nvalues HT_Slope_range HT_Slope_min HT_Slope_max HT_relief_mean HT_relief_median HT_relief_stddev HT_relief_stderr HT_relief_Nvalues HT_relief_range HT_relief_min HT_relief_max
2 72.2798 62.8616 48.4477 4.40434 121 157.681 7.49716 165.179 4.9969 4.9969 55.9067 36379.7 1.50132 0.552161 4.42303 0.115955 1455 28.9015 0.0501371 28.9516 744.438 749.561 27.4003 0.717837 1457 115.174 678.014 793.188 206.783 -0.173344 -0.037179 0.722625 0.0685886 111 4.63245 -4.63287 -0.000418396 20.8822 0.383225 0.52828 0.51623 0.16516 0.0150146 121 0.641352 0.236114 0.877466 33.2393 30.6894 19.8341 1.8031 121 80.7725 3.35364 84.1262
20 60.7497 52.4627 45.5585 3.69528 152 192.04 4.15194 196.192 4.99698 4.99698 43.5892 60324.9 1.21118 0.470246 3.90933 0.0795342 2416 32.7656 7.53365e-05 32.7657 739.867 742.432 25.6106 0.521041 2416 119.022 673.247 792.269 178.661 -0.132045 -0.0358692 0.560317 0.0440227 162 4.49305 -4.49437 -0.00131911 13.3695 0.36955 0.468045 0.469949 0.201531 0.0163464 152 1.18873 -0.00946789 1.17926 26.94 25.9626 17.9071 1.45246 152 75.7961 -0.0725708 75.7236
27 85.8468 93.7084 55.3865 4.89552 128 183.062 3.59943 186.662 4.99699 4.99699 101.235 30986.4 1.27967 0.55853 3.81141 0.108193 1241 32.4683 0.0643597 32.5327 746.515 748.868 27.0369 0.767488 1241 101.001 693.383 794.384 179.314 -0.157925 -0.0394877 0.703929 0.0662201 113 4.47715 -4.47733 -0.000176805 22.5956 0.512029 1.18677 0.467623 5.45781 0.482407 128 48.1506 -0.0269265 48.1236 52.7473 41.8162 96.4375 8.52395 128 794.491 -0.111755 794.379
30 67.0063 47.0848 66.6056 7.18227 86 210.506 3.55356 214.059 4.99728 4.99728 55.59 23395.9 1.93175 0.611749 5.92218 0.193469 937 42.1986 0.204808 42.4034 907.189 908.549 48.0766 1.57059 937 170.282 820.469 990.751 127.845 -0.23473 -0.0139269 0.928462 0.146803 40 5.18734 -5.18848 -0.00113837 26.214 0.447852 0.453979 0.441326 0.118875 0.0128186 86 0.599308 0.126659 0.725967 36.0107 19.1477 41.1062 4.43259 86 132.491 0.697937 133.189
39 82.0143 73.8438 60.2679 5.66953 113 253.971 3.72333 257.695 4.9969 4.9969 83.7956 26342.2 1.59334 0.558499 4.6223 0.142309 1055 32.7008 0.20809 32.9088 762.19 765.254 28.9334 0.890785 1055 124.627 694.14 818.767 113.613 -0.254149 -0.0308963 0.960598 0.0970351 98 4.606 -4.60639 -0.000383432 34.7398 0.578579 1.43606 0.518635 6.78164 0.637963 113 57.0397 0.0976247 57.1374 56.9422 40.7986 103.683 9.75365 113 794.831 0.622498 795.454
40 63.3214 64.6713 37.6355 4.77972 62 127.079 3.70668 130.786 4.9969 4.9969 285.92 16654.3 2.09158 0.564655 5.98639 0.231794 667 36.4351 0.124581 36.5597 813.665 814.741 14.357 0.555906 667 60.1631 783.286 843.449 189.921 -0.32255 -0.0465029 1.17549 0.153036 59 7.47149 -7.47173 -0.000239813 34.0406 0.360671 0.44642 0.449131 0.12776 0.0162256 62 0.805619 -0.0906303 0.714989 27.4058 30.5994 14.6622 1.8621 62 51.9172 -0.335938 51.5812
43 93.4912 96.6898 57.966 4.64099 156 213.824 3.5429 217.367 28.2916 29.297 122.993 24968.9 0.465388 0.381036 0.224517 0.00709985 1000 1.1809 0.0706483 1.25155 867.205 860.664 30.0287 0.949591 1000 145.063 819.378 964.441 99.1896 -0.0366383 -0.0343303 0.0271763 0.00256792 112 0.104911 -0.105156 -0.000245036 5.70892 0.366484 0.417289 0.37913 0.13083 0.0104747 156 0.606633 0.170811 0.777444 41.1156 35.1487 31.7718 2.54378 156 125.455 1.01538 126.47
44 84.9676 85.5612 61.9644 5.99033 107 202.535 3.60819 206.143 5.63333 5.72262 95.1068 14881.5 1.76916 0.516146 5.47047 0.224079 596 37.5094 0.0413666 37.5508 821.389 819.496 15.0796 0.617685 596 81.6943 783.622 865.316 92.8657 -0.23571 -0.0454217 0.894605 0.0894605 100 6.68921 -6.69623 -0.00702085 33.3796 0.242733 0.353098 0.284281 0.136121 0.0131593 107 0.575676 0.127602 0.703278 24.7494 23.7411 14.7698 1.42785 107 59.902 0.814026 60.7161
45 97.8308 85.1719 55.382 4.64755 142 213.462 14.9643 228.426 4.9969 4.9969 53.3795 63570.9 1.32602 0.694362 3.99282 0.0791317 2546 41.1443 0.0223383 41.1666 899.182 897.124 56.3563 1.1169 2546 225.201 787.777 1012.98 123.224 -0.155745 -0.0447156 0.737387 0.0654325 127 5.77742 -5.77792 -0.000498464 25.3945 0.549043 0.654694 0.679221 0.132259 0.0110989 142 0.738738 0.307234 1.04597 64.456 50.0737 39.8287 3.34235 142 128.296 14.7526 143.049
47 35.4317 30.0865 26.8265 2.15475 155 117.839 3.53668 121.376 4.9969 4.9969 33.4313 33533.3 1.46913 0.487828 4.59566 0.125403 1343 34.152 0.014692 34.1667 745.09 746.662 31.075 0.847957 1343 127.041 673.248 800.289 193.726 -0.155843 -0.0364136 0.706796 0.059523 141 4.44939 -4.45018 -0.000799362 9.20296 0.439519 0.540606 0.548371 0.216589 0.0173969 155 1.13826 0 1.13826 18.6875 18.4505 12.6343 1.01481 155 50.9935 0 50.9935
49 71.9394 83.787 38.4718 4.70008 67 115.163 17.6877 132.85 4.99702 4.99702 69.2385 17278.5 1.54563 0.584769 4.42064 0.168048 692 31.1279 0.00972364 31.1376 806.828 805.98 15.4224 0.586273 692 65.4298 773.407 838.837 231.368 -0.218936 -0.0562047 0.824293 0.0985218 70 4.91972 -4.92873 -0.00900954 26.2502 0.38751 0.554824 0.512311 0.187237 0.0228746 67 0.627866 0.317897 0.945763 33.4527 33.2648 12.1759 1.48752 67 39.3776 13.9685 53.3461
50 57.7149 23.3744 67.5213 5.24067 166 242.43 4.13432 246.565 4.9969 4.9969 30.2006 21048.8 1.32791 0.531254 4.02537 0.138641 843 31.6888 0.0232549 31.7121 785.063 784.055 29.6717 1.02195 843 119.859 718.106 837.966 154.747 -0.144082 -0.0464227 0.640963 0.0508317 159 4.63741 -4.63801 -0.000601305 13.8595 0.394078 0.596793 0.563003 0.222279 0.0172522 166 1.06532 0.108433 1.17376 27.293 13.3169 28.3203 2.19808 166 108.86 0.800171 109.66
52 113.208 109.434 64.253 5.99162 115 202.893 24.4321 227.325 146.305 148.979 59.8764 18327.2 0.474927 0.504451 0.165136 0.00609527 734 0.814909 0.0219458 0.836855 733.021 729.019 33.7514 1.24579 734 126.653 679.969 806.622 95.587 -0.0313898 -0.0301033 0.0154759 0.00157951 96 0.0709373 -0.0713887 -0.000451384 5.92265 0.402515 0.486586 0.499403 0.0984183 0.00917756 115 0.540603 0.245093 0.785696 54.6816 51.9123 31.5356 2.94071 115 101.31 11.4482 112.758
53 101.8 110.517 57.5654 5.29933 118 221.344 3.61333 224.958 4.99689 4.99689 67.8148 20524.5 0.690114 0.450213 2.1242 0.07409 822 25.8938 0.0515553 25.9454 738.937 739.952 28.4226 0.99135 822 116.431 675.622 792.053 239.665 -0.154406 -0.0245756 0.733068 0.072943 101 4.45128 -4.45154 -0.000255826 26.1975 0.396073 0.499968 0.461634 0.127946 0.0117784 118 0.788523 0.0291737 0.817697 48.3842 52.1334 24.7712 2.28037 118 91.973 0.189209 92.1622
54 79.3558 73.9199 40.1311 3.08701 169 181.173 3.6707 184.844 88.7494 92.166 44.2047 74707.1 0.425384 0.430459 0.204773 0.00374363 2992 1.00751 0.00567216 1.01319 696.993 692.357 29.0429 0.530957 2992 124.077 657.307 781.384 167.92 -0.0344381 -0.0290006 0.0202766 0.00133411 231 0.0948497 -0.0950371 -0.000187396 4.55477 0.330981 0.364554 0.398294 0.132444 0.010188 169 0.660312 0.0311269 0.691439 31.5183 28.9927 19.6184 1.50911 169 79.8987 0.114258 80.013
55 101.511 95.9759 60.4267 5.63481 115 201.639 7.51392 209.153 231.076 244.581 61.1143 15355.9 0.477211 0.51372 0.186826 0.00753355 615 0.904094 0.0344713 0.938565 715.271 709.505 25.6699 1.03511 615 100.04 670.153 770.193 104.49 -0.0445336 -0.0389881 0.0255759 0.00262403 95 0.133037 -0.134656 -0.00161939 7.53439 0.313267 0.396027 0.367809 0.122752 0.0114467 115 0.758039 0.187458 0.945497 38.16 30.3238 24.3786 2.27332 115 81.66 2.59875 84.2588
56 111.311 115.809 72.129 6.40041 127 323.552 3.56781 327.12 224.62 235.984 64.4272 19076.3 0.525262 0.541212 0.150234 0.00543529 764 0.816784 0.0757121 0.892496 769.413 766.008 26.7301 0.967059 764 116.8 718.23 835.03 128.678 -0.0470749 -0.0455335 0.0217092 0.00201564 116 0.0905094 -0.0905221 -1.27543e-05 8.73322 0.373158 0.519141 0.442877 0.180801 0.0160435 127 1.1686 0.23376 1.40236 49.8437 51.2929 28.6169 2.53934 127 113.593 0.998535 114.592
57 108.689 97.7902 56.8709 5.34996 113 276.359 10.8206 287.18 28.3334 27.5628 48.6691 34407.2 0.510284 0.525361 0.177033 0.00476904 1378 0.856722 0.0238485 0.88057 769.477 771.024 26.5818 0.716077 1378 119.857 716.206 836.064 180.213 -0.0472442 -0.0474109 0.0226403 0.00212982 113 0.101707 -0.102038 -0.000331437 8.55817 0.381323 0.477202 0.472902 0.0737366 0.00693655 113 0.290755 0.327622 0.618377 49.7345 46.9001 20.6213 1.93989 113 91.712 6.41235 98.1243
58 47.747 40.3465 32.8516 3.44378 91 138.365 3.62265 141.988 4.9969 4.9969 96.5882 21373.4 1.95771 0.524416 5.44999 0.186277 856 31.5918 0.0365893 31.6284 728.853 732.374 26.4686 0.904678 856 104.819 675.753 780.573 219.497 -0.21261 -0.0311658 0.851012 0.0834486 104 5.70455 -5.70487 -0.000325304 16.9192 0.418247 0.482806 0.507008 0.133664 0.0140118 91 0.705323 0.0400444 0.745367 23.9641 22.1136 16.1713 1.69522 91 58.3439 0.197571 58.5414
60 176.076 177.764 42.5303 6.56257 42 154.909 105.76 260.669 4.99689 4.99689 64.4781 14157.4 1.11993 0.64359 3.56459 0.149699 567 37.6576 0.26336 37.921 929.104 934.232 52.0809 2.18719 567 200.61 816.016 1016.63 124.358 -0.35313 -0.0656896 1.17561 0.22217 28 6.00238 -6.00425 -0.00187376 103.63 0.559247 0.676196 0.681534 0.0364794 0.0056289 42 0.163184 0.618228 0.781412 118.164 125.248 24.9276 3.84641 42 89.9458 74.8087 164.754
62 142.658 137.723 32.0686 4.00858 64 126.093 89.8567 215.949 46.0793 79.9503 140.13 13283.5 0.460442 0.470456 0.171734 0.00744561 532 0.797447 0.0367408 0.834188 699.868 697.605 19.2468 0.834456 532 75.1465 669.457 744.603 247 -0.0406634 -0.0400146 0.0174314 0.00223186 61 0.080277 -0.0835251 -0.00324818 9.66827 0.288609 0.343599 0.347022 0.0621113 0.00776391 64 0.32667 0.144615 0.471285 49.4069 45.819 15.7141 1.96426 64 50.0235 23.452 73.4755
63 59.5813 58.5505 36.6459 4.47701 67 122.911 3.58753 126.498 4.9969 4.9969 121.911 12983.8 1.52728 0.51971 4.53464 0.198857 520 30.4203 0.0245528 30.4448 707.417 708.194 16.1079 0.706376 520 62.9565 675.763 738.719 275.672 -0.327354 -0.0338313 0.993716 0.126202 62 4.08546 -4.08741 -0.00195932 32.5069 0.392513 0.453285 0.466353 0.138852 0.0169635 67 0.834 0.0336312 0.867632 28.0637 29.3944 16.9294 2.06826 67 56.0744 0.206787 56.2812
64 54.8946 48.0323 40.0578 6.25597 41 120.261 7.49655 127.757 4.99689 4.99689 100.973 13608.1 2.72472 0.760837 7.46824 0.319904 545 40.4911 0.403705 40.8948 948.26 951.128 31.5231 1.3503 545 137.126 869.966 1007.09 89.3167 -0.269491 -0.0318358 0.989643 0.16494 36 5.27605 -5.27686 -0.00080357 24.656 0.681387 0.887615 0.792803 0.221653 0.0346163 41 0.979943 0.515035 1.49498 44.8853 40.0531 29.5043 4.60779 41 97.9454 3.86163 101.807
66 95.2561 97.4205 53.1469 4.5573 136 184.937 4.56349 189.501 68.4546 69.6323 70.7542 29313.5 0.474953 0.492739 0.190844 0.00556986 1174 0.940034 0.0245092 0.964543 695.013 691.834 20.0686 0.58571 1174 85.1492 665.948 751.098 117.281 -0.0440356 -0.0421959 0.0230818 0.00203224 129 0.116714 -0.118055 -0.00134051 6.9911 0.317295 0.39248 0.405065 0.103333 0.0088607 136 0.577507 0.0853247 0.662831 36.2692 35.7881 21.5772 1.85023 136 77.9798 2.22961 80.2094
67 59.7539 67.668 47.5789 5.42212 77 245.683 3.63179 249.315 4.99706 4.99706 52.4802 24095 2.01291 0.804762 5.63879 0.182086 959 37.5632 0.219587 37.7828 962.52 968.14 30.7204 0.988923 965 140.827 870.824 1011.65 42.9744 -0.175616 -0.0581589 0.742102 0.0893386 69 5.73625 -5.73724 -0.000989215 17.4896 0.689463 0.910155 0.871367 0.213187 0.0242949 77 1.03469 0.515342 1.55003 49.4377 56.0714 33.1104 3.77328 77 161.867 2.17761 164.045
68 189.485 212.029 80.8772 8.25449 96 280.213 25.9196 306.133 14.288 15.2055 97.5148 14756.6 0.473164 0.482375 0.16098 0.00662184 591 0.736058 0.0978263 0.833885 757.563 753.878 28.3091 1.16448 591 119.177 708.317 827.494 171.267 -0.0510695 -0.0510528 0.0211204 0.00222629 90 0.0948457 -0.0949649 -0.000119228 16.1282 0.290096 0.350721 0.342173 0.0659827 0.00673433 96 0.431036 0.155395 0.586431 65.9627 71.2184 27.3365 2.79002 96 100.566 8.47113 109.037
69 67.0625 62.7735 46.5373 4.58545 103 216.725 3.56115 220.286 114.691 113.988 63.465 22596.9 0.394772 0.398921 0.168005 0.00558468 905 0.798833 0.0169499 0.815783 689.783 689.517 16.1773 0.53775 905 73.1067 661.15 734.257 188.946 -0.0374469 -0.0389428 0.0162155 0.00136559 141 0.0734099 -0.0760609 -0.00265099 4.18547 0.269135 0.345914 0.351866 0.0941122 0.00927315 103 0.454228 0.120719 0.574947 21.6586 23.4025 14.0894 1.38827 103 58.0424 1.09082 59.1332
71 95.7849 87.1939 64.9902 4.70253 191 259.782 3.61114 263.393 28.3512 25.2469 49.3108 76804.4 0.489139 0.484599 0.232081 0.00418453 3076 1.28456 0.0326 1.31716 802.2 795.677 49.8591 0.898982 3076 260.52 715.529 976.048 89.7845 -0.0310617 -0.033079 0.0226637 0.00176974 164 0.119504 -0.119554 -4.97778e-05 4.95873 0.418976 0.440151 0.492995 0.161063 0.0116541 191 0.88664 0.0241474 0.910788 48.1579 37.3541 40.6007 2.93776 191 162.223 0.146484 162.369
72 122.097 130.84 42.1099 5.6781 55 150.484 32.9741 183.458 208.256 208.838 167.833 14232.3 0.349611 0.365346 0.154436 0.00646862 570 0.68288 0.0182304 0.701111 681.787 680.308 11.684 0.489387 570 44.0032 665.944 709.947 88.0106 -0.0342418 -0.0297834 0.0164059 0.00208355 62 0.0792183 -0.0863469 -0.00712861 6.96804 0.16483 0.199219 0.199933 0.0877355 0.0118303 55 0.390961 0.0719759 0.462937 24.1503 22.1896 11.8823 1.60221 55 38.5794 4.97382 43.5532
73 98.8444 96.1028 48.4847 4.3366 125 193.565 15.9829 209.548 28.506 26.1937 60.2409 21947.7 0.265707 0.235707 0.12905 0.00435275 879 0.526808 0.0140682 0.540876 738.854 737.325 12.8721 0.434164 879 69.5009 712.215 781.715 38.4172 -0.0254341 -0.0226742 0.0175314 0.00164196 114 0.0773173 -0.0799426 -0.0026253 4.19003 0.196042 0.238463 0.207686 0.108728 0.00972489 125 0.664771 0.0715523 0.736323 23.2532 24.4642 13.0046 1.16317 125 53.1285 1.21283 54.3414
74 110.592 122.807 62.5441 5.83227 115 205.732 3.94488 209.677 28.1588 25.6121 172.614 13208.6 0.273928 0.255456 0.153391 0.00666916 529 0.565382 0.0220216 0.587404 673.474 672.529 7.15809 0.311221 529 34.9763 661.165 696.141 131.751 -0.0298592 -0.0304822 0.0129581 0.00121899 113 0.0625652 -0.0646165 -0.00205132 5.50366 0.115953 0.161701 0.13031 0.0936271 0.00873077 115 0.427475 0.0726233 0.500098 15.3881 16.1334 8.0628 0.75186 115 32.9983 0.401794 33.4001
75 85.1051 91.7085 36.668 3.37557 118 142.727 23.867 166.594 4.99694 4.99694 48.8758 49513.4 1.08372 0.497596 3.36317 0.0755244 1983 29.8478 0.00953211 29.8574 710.332 708.461 21.439 0.481441 1983 106.915 662.968 769.883 287.854 -0.184397 -0.0392585 0.741517 0.0626696 140 4.34948 -4.36413 -0.0146539 26.1552 0.315443 0.420107 0.370888 0.134646 0.0123951 118 0.502189 0.21343 0.715619 32.215 29.2513 11.4548 1.0545 118 49.5374 14.895 64.4324
76 113.865 97.6875 72.0756 4.99755 208 308.786 7.55246 316.338 4.99697 4.99697 44.5347 82996.7 0.714705 0.488375 2.20631 0.0382681 3324 41.7061 0.00792396 41.714 834.395 815.873 78.0446 1.35367 3324 287.133 730.406 1017.54 114.56 -0.097288 -0.0381301 0.486549 0.0353912 189 5.78381 -5.78479 -0.000979063 18.4628 0.435352 0.518436 0.480106 0.146106 0.0101306 208 0.780233 0.244735 1.02497 59.4856 42.6294 44.5336 3.08785 208 178.439 7.74103 186.18
83 78.6598 76.261 34.2749 3.3772 103 145.927 12.6239 158.551 44.4848 45.7583 50.2505 19226.1 0.463601 0.473734 0.170432 0.00614194 770 0.8165 0.0279014 0.844402 691.577 690.632 18.5505 0.668512 770 72.5619 659.171 731.732 288.856 -0.0352731 -0.0343987 0.0165256 0.00165256 100 0.0869684 -0.087661 -0.000692593 4.62429 0.385236 0.457095 0.471792 0.0611972 0.00602994 103 0.352385 0.269994 0.622379 36.3631 37.5163 16.4134 1.61726 103 56.2376 5.36243 61.6
84 107.767 102.245 73.105 7.00218 109 237.995 3.71077 241.706 22.2019 22.7958 93.3515 14606.8 0.196927 0.177497 0.0819861 0.00338971 585 0.363885 0.0588682 0.422753 711.344 711.351 11.2631 0.465672 585 57.1634 687.248 744.411 115.726 -0.0211587 -0.017431 0.0140995 0.00140995 100 0.0630556 -0.065474 -0.00241836 3.80034 0.164595 0.242808 0.207146 0.131172 0.012564 109 0.84303 -0.0977676 0.745262 21.2854 18.9635 13.4988 1.29295 109 52.9285 -0.362793 52.5657
86 104.193 105.124 38.9813 3.76847 107 209.955 13.5968 223.551 110.64 117.114 122.1 18477 0.34446 0.360722 0.139868 0.00514164 740 0.624237 0.0155515 0.639789 680.742 681.281 13.8175 0.507942 740 58.5197 658.547 717.067 308.695 -0.0226921 -0.0212797 0.0109016 0.00107417 103 0.0531443 -0.053438 -0.00029363 3.94062 0.268986 0.321074 0.32577 0.0314759 0.00304289 107 0.214406 0.252278 0.466684 33.6319 31.3359 13.3808 1.29357 107 53.0718 4.8255 57.8973
87 97.2853 110.597 64.5606 5.66234 130 211.45 3.68106 215.131 58.4903 308.436 89.6164 14457 0.397188 0.413413 0.140675 0.00584626 579 0.631096 0.0581729 0.689269 715.512 713.118 15.3562 0.638181 579 64.2132 687.094 751.307 95.5892 -0.0316736 -0.0280617 0.0165165 0.00147728 125 0.0836417 -0.0841881 -0.000546403 5.13562 0.246051 0.363373 0.293779 0.18301 0.0160511 130 1.14181 0.0411923 1.183 28.7246 29.4697 17.3786 1.5242 130 59.1553 0.306091 59.4614
88 83.874 56.9697 82.8968 10.1275 67 248.43 6.00104 254.431 4.99689 4.99689 72.6919 15131.2 1.77462 0.757342 5.24363 0.213008 606 44.0424 0.244273 44.2867 909.011 906.975 53.2179 2.16183 606 223.085 793.55 1016.63 99.2629 -0.378535 -0.0303895 1.30644 0.227423 33 5.52648 -5.52703 -0.000551039 52.9154 0.553007 0.572819 0.644551 0.151574 0.0185177 67 0.632829 0.20571 0.83854 55.6595 39.4312 56.9639 6.95925 67 176.44 1.58087 178.021
90 135.288 136.825 37.3189 4.19871 79 135.035 52.9769 188.012 22.7546 20.7179 60.3043 28789.2 0.201957 0.125379 0.163292 0.00480896 1153 0.554478 0.00227805 0.556756 674.056 668.074 13.0056 0.383014 1153 46.7661 656.309 703.075 91.4562 -0.0151951 -0.0150247 0.00806887 0.000985769 67 0.0358274 -0.0362936 -0.000466164 3.42619 0.133222 0.151448 0.184057 0.0809055 0.00910257 79 0.309617 0.0506023 0.36022 21.628 21.5392 13.8425 1.5574 79 36.714 3.60114 40.3151
91 74.9201 88.3378 34.6223 3.99784 75 126.68 7.49928 134.18 4.997 4.997 75.1288 32734.3 1.5085 0.530098 4.53834 0.125342 1311 33.3327 0.0186479 33.3513 731.237 732.595 18.8885 0.521672 1311 86.1154 688.153 774.268 220.648 -0.232793 -0.0363738 0.905432 0.10455 75 6.35708 -6.35836 -0.00128387 29.0681 0.402725 0.495415 0.492507 0.138252 0.0159639 75 1.05489 -0.0320749 1.02282 36.2067 40.679 15.5806 1.79909 75 59.5405 -0.250854 59.2896
96 76.6654 61.6866 74.1064 9.41152 62 222.19 7.50239 229.693 4.99689 4.99689 142.917 18077.5 2.41487 0.647946 6.18321 0.229797 724 38.1981 0.233073 38.4312 863.502 858.127 38.9775 1.44859 724 171.781 793.144 964.925 68.2949 -0.116295 -0.0104363 0.497805 0.0841443 35 3.01051 -3.011 -0.000493271 14.8596 0.510318 0.552346 0.583027 0.133994 0.0170173 62 0.538701 0.297035 0.835736 46.9485 37.3106 47.2679 6.00303 62 151.703 2.26343 153.966
97 25.3168 25.4801 3.23778 1.02387 10 12.727 18.6149 31.3419 28.0228 28.1661 54.2715 18502 0.436894 0.436256 0.189668 0.00696764 741 0.871223 0.00517833 0.876402 750.828 747.678 14.0516 0.516198 741 60.2704 728.253 788.523 54.8912 -0.057332 -0.0547868 0.0218099 0.00266451 67 0.10649 -0.127788 -0.0212984 2.41911 0.50033 0.607953 0.630896 0.0749306 0.0236951 10 0.25947 0.461495 0.720965 15.2001 15.5662 1.39967 0.442614 10 4.98767 12.7573 17.745
98 90.8752 96.6768 45.8759 5.82624 62 188.711 4.26178 192.973 4.9969 4.9969 1314.18 13133.7 1.4457 0.552539 4.04194 0.176237 526 27.8916 0.0298162 27.9214 717.248 716.585 14.8719 0.648446 526 62.3969 688.153 750.55 314.668 -0.279199 -0.0461198 0.936577 0.118945 62 4.43442 -4.43718 -0.00276371 42.2871 0.318089 0.387704 0.377053 0.109022 0.0138459 62 0.678784 -0.0451414 0.633643 34.6877 37.3656 16.3029 2.07047 62 60.4329 -0.192383 60.2405
99 114.434 118.192 46.7684 6.14099 58 154.003 39.4316 193.435 43.1093 47.3213 331.523 12684.2 0.489472 0.513606 0.179606 0.00796873 508 0.80414 0.0517299 0.85587 694.164 692.484 17.4372 0.773651 508 71.3057 660.73 732.036 188.18 -0.03758 -0.0335358 0.0186177 0.00255733 53 0.0770146 -0.0773008 -0.000286287 7.16741 0.322706 0.412053 0.376927 0.0795701 0.0104481 58 0.29955 0.322206 0.621757 44.3144 46.7306 14.4678 1.89972 58 45.9046 24.5168 70.4214
100 117.592 112.808 30.8683 3.45118 80 126.1 56.9184 183.019 55.7927 54.6647 155.512 16829.1 0.35439 0.363553 0.138802 0.00534645 674 0.659355 0.0124509 0.671806 677.874 679.371 11.187 0.430907 674 52.3812 654.679 707.061 187.191 -0.0279984 -0.0258433 0.0151519 0.00177339 73 0.0684773 -0.0700254 -0.00154812 5.48729 0.234589 0.290921 0.272909 0.0544461 0.00608726 80 0.263044 0.220968 0.484013 33.1029 31.5474 6.47034 0.723406 80 23.35 25.5302 48.8802
101 115.787 117.872 24.6732 2.38525 107 116.421 60.2953 176.716 109.271 106.017 74.2943 38077.6 0.490272 0.506808 0.174903 0.00447882 1525 0.911342 0.0227801 0.934122 715.996 714.822 20.3071 0.520011 1525 90.2081 674.864 765.072 73.6653 -0.0436551 -0.0415916 0.0213405 0.00194811 120 0.12061 -0.122789 -0.00217927 8.42449 0.311146 0.381175 0.361704 0.080119 0.00774539 107 0.310248 0.263432 0.57368 43.232 41.5106 9.62375 0.930363 107 40.1736 23.7374 63.9111
102 126.676 114.062 41.9211 3.89228 116 186.236 59.8975 246.134 56.8853 57.8724 75.2033 38027.7 0.15866 0.121544 0.128647 0.00329647 1523 0.57856 0.00327031 0.58183 665.505 662.911 9.55705 0.244892 1523 43.2349 654.037 697.272 100.781 -0.0110816 -0.0090793 0.00795459 0.000697664 130 0.0327689 -0.0327942 -2.53255e-05 2.33962 0.11814 0.14948 0.15367 0.0772179 0.0071695 116 0.302981 0.0555208 0.358501 17.9587 17.4911 8.98201 0.833958 116 30.599 6.14087 36.7399
103 120.045 116.867 24.9773 5.88721 18 116.017 62.857 178.874 35.3202 35.1838 454.034 12834 0.476729 0.488128 0.19237 0.00848509 514 0.823578 0.0114907 0.835069 684.005 685.753 12.9754 0.572321 514 49.653 657.687 707.34 332.007 -0.0321036 -0.0305088 0.00997799 0.00142543 49 0.0379358 -0.0539138 -0.015978 6.42312 0.271022 0.336658 0.351406 0.0615263 0.0145019 18 0.29209 0.228659 0.520748 39.0418 39.4016 3.46516 0.816746 18 14.7742 32.7327 47.5069
104 84.5184 78.5334 49.6506 2.69665 339 277.669 7.52361 285.192 22.5168 23.7305 51.8885 117429 0.406505 0.415882 0.162157 0.00236455 4703 0.819072 0.0078429 0.826915 724.091 720.763 38.7179 0.564579 4703 169.515 652.034 821.549 106.397 -0.0328253 -0.0295056 0.0177556 0.000923072 370 0.0900247 -0.0903817 -0.000356954 4.6239 0.324565 0.446988 0.429159 0.155417 0.00844109 339 0.923626 0.113662 1.03729 32.9181 30.4751 15.345 0.833425 339 78.7737 6.27234 85.046
105 81.4439 81.3931 47.9211 4.00736 143 192.216 4.05774 196.274 4.99713 4.99713 65.0343 56579.6 1.39479 0.513197 4.31537 0.0906542 2266 34.9424 0.0307177 34.9731 784.938 784.658 30.7112 0.645159 2266 134.203 723.646 857.849 134.318 -0.158948 -0.0372841 0.681258 0.0592959 132 4.64811 -4.64895 -0.000835054 21.5755 0.381991 0.473182 0.481928 0.101488 0.00848683 143 0.584744 0.194425 0.779169 37.333 37.259 20.6928 1.73042 143 76.1342 1.75128 77.8855
116 79.4002 83.022 42.8712 4.26585 101 178.698 6.7388 185.437 4.99708 4.99708 59.7813 28539.5 0.879925 0.471458 3.09675 0.0915973 1143 34.4506 0.0170878 34.4677 709.157 706.939 19.4418 0.575061 1143 76.5766 675.806 752.382 222.386 -0.178048 -0.0306974 0.871076 0.0736194 140 6.33427 -6.33489 -0.000619981 23.5617 0.297887 0.410027 0.374065 0.148065 0.014733 101 0.651553 0.181723 0.833277 28.3827 25.124 13.3991 1.33326 101 57.3417 2.30664 59.6483
121 53.6714 39.2379 35.8624 3.78023 90 152.323 3.72421 156.048 4.9969 4.9969 52.5425 18002.6 1.37013 0.483712 4.03555 0.150292 721 30.5483 0.0501041 30.5984 713.144 710.544 19.1916 0.714732 721 76.4361 675.806 752.242 257.5 -0.184036 -0.0386196 0.698095 0.0752775 86 4.19556 -4.19613 -0.00056579 16.4625 0.369797 0.511999 0.468798 0.148778 0.0156826 90 0.589145 0.322956 0.912101 23.817 19.9748 12.494 1.31698 90 55.3168 1.42651 56.7433
122 102.82 107.31 22.2076 2.56432 75 102.22 43.2986 145.519 22.3409 51.8334 102.847 19176.1 0.338257 0.328041 0.151723 0.00547484 768 0.630863 0.00874871 0.639611 672.502 671.568 10.2373 0.369407 768 46.478 651.911 698.389 216.588 -0.026902 -0.0265425 0.0131811 0.00154273 73 0.0499016 -0.0517916 -0.00188995 4.61011 0.224385 0.273558 0.300375 0.0840462 0.00970482 75 0.350348 0.155973 0.506321 27.6856 30.1957 8.78326 1.0142 75 26.1231 13.2491 39.3723
123 123.516 131.808 70.4945 5.68061 154 263.656 3.61505 267.271 35.2325 37.2338 96.5257 13807.8 0.36795 0.366659 0.122548 0.00521128 553 0.631358 0.0366708 0.668029 762.52 759.361 18.2647 0.776695 553 93.9989 725.196 819.194 192.735 -0.0380207 -0.0376817 0.0171776 0.00144661 141 0.0773561 -0.0808195 -0.00346338 7.82693 0.235773 0.308717 0.275881 0.0916764 0.00738749 154 0.399666 0.219078 0.618744 34.9461 33.2309 19.6356 1.58228 154 78.4407 1.54895 79.9896
124 53.6092 47.4961 24.3946 2.98028 67 91.8187 19.9864 111.805 35.5472 37.6188 45.3162 27366 0.521667 0.543073 0.194 0.00585999 1096 0.895401 0.0274087 0.922809 734.211 734.587 17.567 0.53063 1096 79.0564 691.548 770.604 157.882 -0.0429806 -0.0442877 0.0136641 0.00129114 112 0.0604327 -0.0744336 -0.0140009 3.84026 0.443563 0.599245 0.598161 0.168555 0.0205922 67 0.592822 0.311164 0.903986 28.5349 29.4243 6.82508 0.833816 67 28.1678 15.1035 43.2713
125 129.599 146.981 38.8867 5.10607 58 138.428 46.4729 184.901 44.5218 280.678 153.827 14581.9 0.374431 0.392854 0.13469 0.00557353 584 0.641495 0.0360178 0.677513 682.158 682.992 11.3399 0.469249 584 48.7142 656.7 705.414 195.946 -0.0254546 -0.0245714 0.00967412 0.00123864 61 0.0443899 -0.0513929 -0.00700298 5.49815 0.233133 0.298088 0.2655 0.0682076 0.0089561 58 0.266864 0.245105 0.511968 36.2567 38.1869 6.6512 0.873346 58 26.5599 20.0928 46.6528
126 118.667 123.854 28.5569 2.72279 110 107.716 58.6263 166.342 3878 3894.06 71.4677 23895.3 0.187834 0.18365 0.0711909 0.00230127 957 0.377734 0.00471833 0.382453 673.897 674.419 6.90374 0.223166 957 37.1632 649.181 686.344 53.8864 -0.0204805 -0.0197402 0.0119416 0.00117664 103 0.0435072 -0.0446565 -0.00114929 4.05059 0.167316 0.199629 0.164936 0.0878325 0.0083745 110 0.365878 0.0978782 0.463756 23.8257 18.8353 12.6997 1.21087 110 42.8776 9.10193 51.9795
127 117.443 120.325 35.4679 3.23776 120 156.957 28.4042 185.361 17.707 18.4352 64.5225 51086.4 0.491854 0.516806 0.176771 0.00390803 2046 0.88985 0.0311487 0.920999 676.465 673.65 23.1666 0.512164 2046 111.533 633.457 744.99 158.908 -0.0375618 -0.0365544 0.0149591 0.00138297 117 0.0750054 -0.0765058 -0.00150046 7.3523 0.306727 0.391558 0.441328 0.128184 0.0117015 120 0.466672 0.106566 0.573239 43.2277 39.1729 16.274 1.48561 120 65.0422 16.2824 81.3246
128 44.0042 41.4991 25.8778 4.31297 36 96.1638 7.6987 103.863 4.99736 4.99736 97.6968 13807.8 1.01444 0.471777 3.31141 0.140815 553 30.316 0.0147596 30.3308 703.263 701.617 17.0955 0.726974 553 63.1375 675.801 738.939 265.93 -0.191276 -0.0377139 0.743651 0.0779558 91 4.18057 -4.18449 -0.00392063 14.0283 0.307027 0.411221 0.387356 0.120612 0.020102 36 0.50833 0.275646 0.783976 16.2126 16.5637 7.93941 1.32324 36 35.8114 4.31073 40.1221
129 88.1052 86.5395 25.1928 3.75552 45 85.4615 49.9231 135.385 4.99689 4.99689 1251.72 12509.4 1.83346 0.537671 5.04259 0.225286 501 31.4965 0.059809 31.5563 742.874 744.113 16.0918 0.718927 501 65.0477 712.685 777.732 76.4631 -0.499355 -0.0322297 1.28979 0.201431 41 4.37149 -4.37623 -0.00473898 73.3263 0.314643 0.391219 0.346279 0.0707592 0.0105482 45 0.207166 0.291204 0.49837 33.266 33.8118 7.02721 1.04755 45 25.7909 20.8762 46.6671
130 134.797 152.362 49.5883 5.76453 74 217.632 33.8062 251.439 22.485 119.156 158.597 15306 0.512597 0.50772 0.207368 0.00837551 613 1.06416 0.0166521 1.08081 724.052 726.212 17.5486 0.708779 613 77.6478 679.52 757.167 178.87 -0.0354897 -0.0329919 0.0134514 0.0015637 74 0.0583091 -0.071747 -0.0134379 7.97316 0.331016 0.418903 0.383103 0.0742567 0.00863217 74 0.325233 0.354166 0.679399 53.5438 56.0065 16.6104 1.93092 74 85.0759 18.1356 103.211
131 48.5883 47.4377 27.1472 2.10071 167 138.767 3.57061 142.338 4.997 4.997 45.4678 56654.5 0.827297 0.470935 2.82075 0.0592172 2269 30.4548 5.09529e-05 30.4548 677.216 672.856 26.3091 0.552317 2269 107.661 628.793 736.454 245.402 -0.0928252 -0.0364849 0.439267 0.0325606 182 4.11543 -4.1172 -0.0017652 7.51703 0.381787 0.455318 0.452355 0.155273 0.0120154 167 1.10479 -0.195536 0.909255 22.2604 23.25 11.2463 0.870268 167 50.8665 -0.698181 50.1683
135 90.2835 79.6624 42.7042 6.22905 47 213.593 34.7247 248.318 4.99722 4.99722 146.088 17977.6 1.87008 0.464594 5.22885 0.194868 720 32.8775 0.123511 33.001 737.52 739.375 15.9017 0.592621 720 63.494 698.933 762.427 61.7632 -0.244513 -0.0253114 0.868339 0.125334 48 4.29933 -4.30671 -0.00738068 36.7925 0.624053 0.585319 0.492077 0.529725 0.0772683 47 2.78929 0.297817 3.08711 67.61 35.767 144.054 21.0125 47 724.436 26.4274 750.863
136 48.2017 45.5428 37.4605 5.64738 44 127.115 3.5751 130.69 44.2932 45.9466 126.37 26267.3 0.392969 0.410785 0.165717 0.00510928 1052 0.708865 0.0171531 0.726018 649.552 649.122 12.1315 0.374029 1052 51.043 628.793 679.836 144.59 -0.03681 -0.0359222 0.0137466 0.00239298 33 0.0573299 -0.0714641 -0.0141342 2.95718 0.364323 0.35574 0.424427 0.192318 0.028993 44 0.769655 -0.0765036 0.693152 21.0732 21.9694 16.4867 2.48546 44 50.2281 -0.364014 49.8641
137 118.49 122.299 25.5222 3.24133 62 84.8151 73.8189 158.634 28.3364 20.0125 68.9245 26941.5 0.394247 0.401866 0.187692 0.00571393 1079 0.759013 0.00563307 0.764646 651.397 652.209 15.4685 0.470908 1079 54.6022 625.947 680.549 152.351 -0.0319972 -0.0244314 0.0188194 0.00237102 63 0.0770661 -0.0847679 -0.00770177 6.31891 0.290341 0.360777 0.366603 0.0668355 0.00848812 62 0.222402 0.268371 0.490774 41.2829 42.1927 4.70398 0.597407 62 23.8258 25.0788 48.9046
138 110.35 115.865 15.6773 1.95966 64 63.4664 77.8632 141.33 44.2552 46.0486 56.1239 19326 0.384221 0.378328 0.177103 0.00636583 774 0.82105 0.0153256 0.836376 655.706 654.572 16.5439 0.59466 774 59.5869 626.637 686.224 197.697 -0.0370295 -0.0363963 0.0146388 0.00182985 64 0.0655818 -0.0749273 -0.0093455 6.81037 0.32307 0.386625 0.388908 0.0469576 0.0058697 64 0.274841 0.172622 0.447463 42.7811 44.4752 8.34833 1.04354 64 31.2391 20.717 51.9561
139 90.0118 81.5279 38.7033 4.91533 62 203.872 39.5898 243.461 4.9969 4.9969 79.7109 21348.4 1.51089 0.521132 4.44629 0.15206 855 32.9857 0.0629924 33.0487 721.677 720.987 16.3253 0.558313 855 68.1501 688.829 756.979 16.5991 -0.269938 -0.0375097 0.909416 0.114576 63 4.23929 -4.25123 -0.0119452 40.4959 0.68161 0.781962 0.462496 1.51238 0.192072 62 8.7608 0.356165 9.11696 73.6235 38.8702 153.817 19.5348 62 733.402 23.218 756.62
142 28.2814 27.5127 18.4694 2.58623 51 83.9537 3.59954 87.5533 27.9571 30.0354 35.0456 23845.3 0.400776 0.407566 0.169894 0.00549765 955 0.762228 0.00875747 0.770986 660.48 660.291 17.8554 0.577788 955 83.4224 627.885 711.307 265.954 -0.0400415 -0.03944 0.0132054 0.00135484 95 0.0691215 -0.0754489 -0.00632734 1.88738 0.420235 0.541322 0.569531 0.197883 0.0277092 51 0.915424 0.0904967 1.00592 14.2618 16.7148 7.81894 1.09487 51 30.0251 0.411499 30.4366
143 119.663 121.646 33.2844 3.72131 80 153.704 54.4922 208.197 4.9969 4.9969 62.6026 30512 0.604069 0.464411 1.43284 0.0409884 1222 31.3189 0.0707316 31.3896 703.94 705.179 26.5424 0.759284 1222 108.439 647.732 756.171 43.3088 -0.13542 -0.021065 0.562219 0.0640708 77 3.88823 -3.88957 -0.00133948 27.0078 0.494194 0.65324 0.461497 1.26734 0.141693 80 8.29029 0.269771 8.56006 70.964 53.5237 110.62 12.3677 80 730.196 25.9713 756.168
151 137.001 131.584 37.1971 6.11517 37 108.36 85.7023 194.063 4.9969 4.9969 46.8877 33308.6 1.17482 0.452384 3.55395 0.0973412 1333 28.92 0.0284688 28.9485 683.205 685.115 24.6414 0.674665 1334 117.562 626.846 744.408 88.8062 -0.121944 -0.00988422 0.668589 0.108459 38 4.18825 -4.1885 -0.000251412 27.8441 0.289066 0.340289 0.351094 0.0440939 0.007249 37 0.215989 0.246098 0.462087 47.5228 46.413 16.5256 2.71679 37 51.4611 23.0687 74.5298
